K_1	Ksd_1	mean_K	sd_K	tot_K	H_1	Hsd_1	mean_H	sd_H	tot_H	S_1	prS_1	mean_S	sd_S	tot_S	D_1	mean_D	sd_D	FS_1	mean_FS	sd_FS	Pi_1	mean_Pi	sd_Pi	
3	0	3	0	10	0.377778	0.181279	0.377778	0	0.2	2	2	2	0	2	-1.40085	-1.40085	0	-1.16394	-1.16394	0	0.4	0.4	0	
2	0	2	0	10	0.355556	0.159109	0.355556	0	0.355556	7	7	7	0	7	0.0248011	0.0248011	0	4.70719	4.70719	0	2.48889	2.48889	0	
4	0	4	0	10	0.711111	0.117454	0.711111	0	0.241667	8	8	8	0	8	-1.36478	-1.36478	0	0.517373	0.517373	0	1.93333	1.93333	0	
2	0	2	0	10	0.2	0.154143	0.2	0	0.2	6	6	6	0	6	-1.79631	-1.79631	0	2.6067	2.6067	0	1.2	1.2	0	
1	0	1	0	10	0	0	0	0	0	0	0	0	0	0	0	0	0	0	0	0	0	0	0	
4	0	4	0	10	0.8	0.0888444	0.8	0	0.355556	3	3	3	0	3	0.0210669	0.0210669	0	-0.741892	-0.741892	0	1.06667	1.06667	0	
5	0	5	0	10	0.755556	0.129546	0.755556	0	0.427778	8	8	8	0	8	0.90675	0.90675	0	0.629889	0.629889	0	3.42222	3.42222	0	
7	0	7	0	10	0.866667	0.107207	0.866667	0	0.244444	6	6	6	0	6	-1.27616	-1.27616	0	-4.35011	-4.35011	0	1.46667	1.46667	0	
5	0	5	0	10	0.8	0.100133	0.8	0	0.333333	5	5	5	0	5	-0.228603	-0.228603	0	-1.02075	-1.02075	0	1.66667	1.66667	0	
5	0	5	0	10	0.755556	0.129546	0.755556	0	0.253333	5	5	5	0	5	-1.1361	-1.1361	0	-1.67067	-1.67067	0	1.26667	1.26667	0	
3	0	3	0	10	0.622222	0.138307	0.622222	0	0.355556	3	3	3	0	3	0.0210669	0.0210669	0	0.602811	0.602811	0	1.06667	1.06667	0	
4	0	4	0	10	0.777778	0.0906765	0.777778	0	0.469841	7	7	7	0	7	1.39422	1.39422	0	1.78466	1.78466	0	3.28889	3.28889	0	
3	0	3	0	10	0.511111	0.164303	0.511111	0	0.333333	2	2	2	0	2	-0.183929	-0.183929	0	-0.27178	-0.27178	0	0.666667	0.666667	0	
5	0	5	0	10	0.822222	0.0969307	0.822222	0	0.293333	5	5	5	0	5	-0.682351	-0.682351	0	-1.31974	-1.31974	0	1.46667	1.46667	0	
7	0	7	0	10	0.911111	0.0773448	0.911111	0	0.274074	9	9	9	0	9	-0.983704	-0.983704	0	-2.61643	-2.61643	0	2.46667	2.46667	0	
5	0	5	0	10	0.8	0.100133	0.8	0	0.442424	11	11	11	0	11	1.12663	1.12663	0	1.49804	1.49804	0	4.86667	4.86667	0	
5	0	5	0	10	0.866667	0.0713676	0.866667	0	0.45	8	8	8	0	8	1.17798	1.17798	0	0.750084	0.750084	0	3.6	3.6	0	
4	0	4	0	10	0.777778	0.0906765	0.777778	0	0.340741	3	3	3	0	3	-0.129722	-0.129722	0	-0.83052	-0.83052	0	1.02222	1.02222	0	
3	0	3	0	10	0.733333	0.0764199	0.733333	0	0.516667	4	4	4	0	4	1.77236	1.77236	0	2.06482	2.06482	0	2.06667	2.06667	0	
2	0	2	0	10	0.533333	0.0946573	0.533333	0	0.533333	8	8	8	0	8	2.19508	2.19508	0	6.85861	6.85861	0	4.26667	4.26667	0	
4	0	4	0	10	0.8	0.0758947	0.8	0	0.4	3	3	3	0	3	0.473434	0.473434	0	-0.496767	-0.496767	0	1.2	1.2	0	
2	0	2	0	10	0.355556	0.159109	0.355556	0	0.355556	2	2	2	0	2	0.0188908	0.0188908	0	1.52347	1.52347	0	0.711111	0.711111	0	
4	0	4	0	10	0.711111	0.117454	0.711111	0	0.288889	3	3	3	0	3	-0.657484	-0.657484	0	-1.1758	-1.1758	0	0.866667	0.866667	0	
3	0	3	0	10	0.644444	0.101237	0.644444	0	0.366667	2	2	2	0	2	0.120301	0.120301	0	-0.100592	-0.100592	0	0.733333	0.733333	0	
4	0	4	0	10	0.711111	0.117454	0.711111	0	0.4	3	3	3	0	3	0.473434	0.473434	0	-0.496767	-0.496767	0	1.2	1.2	0	
3	0	3	0	10	0.644444	0.101237	0.644444	0	0.437037	3	3	3	0	3	0.850406	0.850406	0	1.02067	1.02067	0	1.31111	1.31111	0	
4	0	4	0	10	0.711111	0.117454	0.711111	0	0.266667	4	4	4	0	4	-0.942971	-0.942971	0	-0.741892	-0.741892	0	1.06667	1.06667	0	
4	0	4	0	10	0.777778	0.0906765	0.777778	0	0.444444	6	6	6	0	6	1.06453	1.06453	0	1.2575	1.2575	0	2.66667	2.66667	0	
3	0	3	0	10	0.733333	0.0764199	0.733333	0	0.466667	2	2	2	0	2	1.03299	1.03299	0	0.345355	0.345355	0	0.933333	0.933333	0	
4	0	4	0	10	0.533333	0.180074	0.533333	0	0.2	4	4	4	0	4	-1.66706	-1.66706	0	-1.34464	-1.34464	0	0.8	0.8	0	
5	0	5	0	10	0.755556	0.129546	0.755556	0	0.434921	7	7	7	0	7	0.975784	0.975784	0	0.356483	0.356483	0	3.04444	3.04444	0	
5	0	5	0	10	0.822222	0.0969307	0.822222	0	0.448148	6	6	6	0	6	1.10787	1.10787	0	0.0709544	0.0709544	0	2.68889	2.68889	0	
3	0	3	0	10	0.377778	0.181279	0.377778	0	0.238889	4	4	4	0	4	-1.24468	-1.24468	0	0.390095	0.390095	0	0.955556	0.955556	0	
5	0	5	0	10	0.822222	0.0969307	0.822222	0	0.360494	9	9	9	0	9	0.0868117	0.0868117	0	0.504539	0.504539	0	3.24444	3.24444	0	
5	0	5	0	10	0.844444	0.0795543	0.844444	0	0.388889	6	6	6	0	6	0.414338	0.414338	0	-0.251857	-0.251857	0	2.33333	2.33333	0	
5	0	5	0	10	0.822222	0.0969307	0.822222	0	0.324444	5	5	5	0	5	-0.329436	-0.329436	0	-1.08351	-1.08351	0	1.62222	1.62222	0	
3	0	3	0	10	0.377778	0.181279	0.377778	0	0.277778	2	2	2	0	2	-0.69098	-0.69098	0	-0.593814	-0.593814	0	0.555556	0.555556	0	
3	0	3	0	10	0.511111	0.164303	0.511111	0	0.277778	2	2	2	0	2	-0.69098	-0.69098	0	-0.593814	-0.593814	0	0.555556	0.555556	0	
3	0	3	0	10	0.377778	0.181279	0.377778	0	0.2	4	4	4	0	4	-1.66706	-1.66706	0	0.0579335	0.0579335	0	0.8	0.8	0	
4	0	4	0	10	0.733333	0.100532	0.733333	0	0.476543	9	9	9	0	9	1.52436	1.52436	0	2.5212	2.5212	0	4.28889	4.28889	0	
5	0	5	0	10	0.822222	0.0969307	0.822222	0	0.368889	5	5	5	0	5	0.174728	0.174728	0	-0.787208	-0.787208	0	1.84444	1.84444	0	
3	0	3	0	10	0.711111	0.0859974	0.711111	0	0.497778	5	5	5	0	5	1.6368	1.6368	0	2.55694	2.55694	0	2.48889	2.48889	0	
5	0	5	0	10	0.844444	0.0795543	0.844444	0	0.366667	10	10	10	0	10	0.165277	0.165277	0	0.79395	0.79395	0	3.66667	3.66667	0	
6	0	6	0	10	0.888889	0.0754247	0.888889	0	0.246914	9	9	9	0	9	-1.32015	-1.32015	0	-1.55869	-1.55869	0	2.22222	2.22222	0	
4	0	4	0	10	0.777778	0.0906765	0.777778	0	0.407407	3	3	3	0	3	0.548828	0.548828	0	-0.458546	-0.458546	0	1.22222	1.22222	0	
3	0	3	0	10	0.733333	0.0764199	0.733333	0	0.488889	3	3	3	0	3	1.37817	1.37817	0	1.26028	1.26028	0	1.46667	1.46667	0	
4	0	4	0	10	0.644444	0.151819	0.644444	0	0.255556	6	6	6	0	6	-1.14612	-1.14612	0	0.0171927	0.0171927	0	1.53333	1.53333	0	
5	0	5	0	10	0.822222	0.0969307	0.822222	0	0.361111	8	8	8	0	8	0.0930691	0.0930691	0	0.235427	0.235427	0	2.88889	2.88889	0	
2	0	2	0	10	0.2	0.154143	0.2	0	0.2	1	1	1	0	1	-1.11173	-1.11173	0	-0.339314	-0.339314	0	0.2	0.2	0	
7	0	7	0	10	0.933333	0.0619677	0.933333	0	0.305051	11	11	11	0	11	-0.613557	-0.613557	0	-1.74369	-1.74369	0	3.35556	3.35556	0	
3	0	3	0	10	0.6	0.130537	0.6	0	0.466667	5	5	5	0	5	1.28389	1.28389	0	2.38099	2.38099	0	2.33333	2.33333	0	
5	0	5	0	10	0.822222	0.0969307	0.822222	0	0.262222	5	5	5	0	5	-1.03527	-1.03527	0	-1.58724	-1.58724	0	1.31111	1.31111	0	
5	0	5	0	10	0.866667	0.0713676	0.866667	0	0.37037	9	9	9	0	9	0.209156	0.209156	0	0.567899	0.567899	0	3.33333	3.33333	0	
3	0	3	0	10	0.6	0.130537	0.6	0	0.493333	5	5	5	0	5	1.58639	1.58639	0	2.53215	2.53215	0	2.46667	2.46667	0	
8	0	8	0	10	0.955556	0.0594045	0.955556	0	0.384795	19	19	19	0	19	0.41501	0.41501	0	-1.02248	-1.02248	0	7.31111	7.31111	0	
5	0	5	0	10	0.866667	0.0713676	0.866667	0	0.366667	4	4	4	0	4	0.143162	0.143162	0	-1.31974	-1.31974	0	1.46667	1.46667	0	
4	0	4	0	10	0.711111	0.117454	0.711111	0	0.444444	6	6	6	0	6	1.06453	1.06453	0	1.2575	1.2575	0	2.66667	2.66667	0	
4	0	4	0	10	0.777778	0.0906765	0.777778	0	0.281481	6	6	6	0	6	-0.842697	-0.842697	0	0.223331	0.223331	0	1.68889	1.68889	0	
5	0	5	0	10	0.755556	0.129546	0.755556	0	0.233333	8	8	8	0	8	-1.46649	-1.46649	0	-0.759769	-0.759769	0	1.86667	1.86667	0	
6	0	6	0	10	0.866667	0.0850098	0.866667	0	0.366667	6	6	6	0	6	0.154262	0.154262	0	-1.58448	-1.58448	0	2.2	2.2	0	
5	0	5	0	10	0.866667	0.0713676	0.866667	0	0.271605	9	9	9	0	9	-1.01429	-1.01429	0	-0.146182	-0.146182	0	2.44444	2.44444	0	
4	0	4	0	10	0.644444	0.151819	0.644444	0	0.355556	6	6	6	0	6	0.0242237	0.0242237	0	0.736945	0.736945	0	2.13333	2.13333	0	
3	0	3	0	10	0.377778	0.181279	0.377778	0	0.2	2	2	2	0	2	-1.40085	-1.40085	0	-1.16394	-1.16394	0	0.4	0.4	0	
5	0	5	0	10	0.666667	0.163299	0.666667	0	0.2	5	5	5	0	5	-1.7411	-1.7411	0	-2.25975	-2.25975	0	1	1	0	
4	0	4	0	10	0.733333	0.100532	0.733333	0	0.48	5	5	5	0	5	1.43514	1.43514	0	1.00727	1.00727	0	2.4	2.4	0	
4	0	4	0	10	0.711111	0.117454	0.711111	0	0.318519	3	3	3	0	3	-0.355906	-0.355906	0	-0.971216	-0.971216	0	0.955556	0.955556	0	
3	0	3	0	10	0.6	0.130537	0.6	0	0.366667	8	8	8	0	8	0.160876	0.160876	0	3.03157	3.03157	0	2.93333	2.93333	0	
3	0	3	0	10	0.511111	0.164303	0.511111	0	0.324444	5	5	5	0	5	-0.329436	-0.329436	0	1.48469	1.48469	0	1.62222	1.62222	0	
2	0	2	0	10	0.2	0.154143	0.2	0	0.2	2	2	2	0	2	-1.40085	-1.40085	0	0.586219	0.586219	0	0.4	0.4	0	
2	0	2	0	10	0.533333	0.0946573	0.533333	0	0.533333	2	2	2	0	2	1.64145	1.64145	0	2.33782	2.33782	0	1.06667	1.06667	0	
3	0	3	0	10	0.711111	0.0859974	0.711111	0	0.533333	2	2	2	0	2	1.64145	1.64145	0	0.602811	0.602811	0	1.06667	1.06667	0	
3	0	3	0	10	0.511111	0.164303	0.511111	0	0.277778	2	2	2	0	2	-0.69098	-0.69098	0	-0.593814	-0.593814	0	0.555556	0.555556	0	
1	0	1	0	10	0	0	0	0	0	0	0	0	0	0	0	0	0	0	0	0	0	0	0	
4	0	4	0	10	0.8	0.0758947	0.8	0	0.390476	7	7	7	0	7	0.443234	0.443234	0	1.31745	1.31745	0	2.73333	2.73333	0	
3	0	3	0	10	0.622222	0.138307	0.622222	0	0.355556	6	6	6	0	6	0.0242237	0.0242237	0	2.14576	2.14576	0	2.13333	2.13333	0	
3	0	3	0	10	0.711111	0.0859974	0.711111	0	0.380952	14	14	14	0	14	0.355873	0.355873	0	5.13463	5.13463	0	5.33333	5.33333	0	
4	0	4	0	10	0.733333	0.119889	0.733333	0	0.44127	7	7	7	0	7	1.05186	1.05186	0	1.62246	1.62246	0	3.08889	3.08889	0	
6	0	6	0	10	0.888889	0.0754247	0.888889	0	0.319192	11	11	11	0	11	-0.43442	-0.43442	0	-0.44153	-0.44153	0	3.51111	3.51111	0	
4	0	4	0	10	0.644444	0.151819	0.644444	0	0.238889	4	4	4	0	4	-1.24468	-1.24468	0	-0.971216	-0.971216	0	0.955556	0.955556	0	
4	0	4	0	10	0.777778	0.0906765	0.777778	0	0.404444	10	10	10	0	10	0.638979	0.638979	0	2.35082	2.35082	0	4.04444	4.04444	0	
2	0	2	0	10	0.466667	0.131757	0.466667	0	0.466667	1	1	1	0	1	0.819796	0.819796	0	0.818008	0.818008	0	0.466667	0.466667	0	
2	0	2	0	10	0.2	0.154143	0.2	0	0.2	1	1	1	0	1	-1.11173	-1.11173	0	-0.339314	-0.339314	0	0.2	0.2	0	
4	0	4	0	10	0.711111	0.117454	0.711111	0	0.366667	8	8	8	0	8	0.160876	0.160876	0	1.49186	1.49186	0	2.93333	2.93333	0	
3	0	3	0	10	0.377778	0.181279	0.377778	0	0.2	2	2	2	0	2	-1.40085	-1.40085	0	-1.16394	-1.16394	0	0.4	0.4	0	
4	0	4	0	10	0.733333	0.100532	0.733333	0	0.342222	5	5	5	0	5	-0.12777	-0.12777	0	0.251449	0.251449	0	1.71111	1.71111	0	
2	0	2	0	10	0.466667	0.131757	0.466667	0	0.466667	1	1	1	0	1	0.819796	0.819796	0	0.818008	0.818008	0	0.466667	0.466667	0	
2	0	2	0	10	0.2	0.154143	0.2	0	0.2	1	1	1	0	1	-1.11173	-1.11173	0	-0.339314	-0.339314	0	0.2	0.2	0	
3	0	3	0	10	0.6	0.130537	0.6	0	0.413333	5	5	5	0	5	0.678893	0.678893	0	2.06482	2.06482	0	2.06667	2.06667	0	
7	0	7	0	10	0.911111	0.0773448	0.911111	0	0.319444	8	8	8	0	8	-0.415482	-0.415482	0	-2.51076	-2.51076	0	2.55556	2.55556	0	
4	0	4	0	10	0.644444	0.151819	0.644444	0	0.35873	7	7	7	0	7	0.0628404	0.0628404	0	1.1137	1.1137	0	2.51111	2.51111	0	
3	0	3	0	10	0.622222	0.138307	0.622222	0	0.426667	5	5	5	0	5	0.830142	0.830142	0	2.14576	2.14576	0	2.13333	2.13333	0	
4	0	4	0	10	0.777778	0.0906765	0.777778	0	0.362963	3	3	3	0	3	0.0964614	0.0964614	0	-0.698978	-0.698978	0	1.08889	1.08889	0	
3	0	3	0	10	0.6	0.130537	0.6	0	0.333333	2	2	2	0	2	-0.183929	-0.183929	0	-0.27178	-0.27178	0	0.666667	0.666667	0	
3	0	3	0	10	0.688889	0.103837	0.688889	0	0.411111	2	2	2	0	2	0.525941	0.525941	0	0.108362	0.108362	0	0.822222	0.822222	0	
2	0	2	0	10	0.355556	0.159109	0.355556	0	0.355556	1	1	1	0	1	0.014992	0.014992	0	0.4167	0.4167	0	0.355556	0.355556	0	
3	0	3	0	10	0.644444	0.101237	0.644444	0	0.437037	3	3	3	0	3	0.850406	0.850406	0	1.02067	1.02067	0	1.31111	1.31111	0	
2	0	2	0	10	0.466667	0.131757	0.466667	0	0.466667	1	1	1	0	1	0.819796	0.819796	0	0.818008	0.818008	0	0.466667	0.466667	0	
5	0	5	0	10	0.8	0.100133	0.8	0	0.380952	7	7	7	0	7	0.329116	0.329116	0	0.0519969	0.0519969	0	2.66667	2.66667	0	
5	0	5	0	10	0.755556	0.129546	0.755556	0	0.35	4	4	4	0	4	-0.03786	-0.03786	0	-1.43006	-1.43006	0	1.4	1.4	0	
3	0	3	0	10	0.377778	0.181279	0.377778	0	0.2	7	7	7	0	7	-1.83913	-1.83913	0	1.15966	1.15966	0	1.4	1.4	0	
4	0	4	0	10	0.777778	0.0906765	0.777778	0	0.361111	4	4	4	0	4	0.0828215	0.0828215	0	-0.108954	-0.108954	0	1.44444	1.44444	0	
5	0	5	0	10	0.866667	0.0713676	0.866667	0	0.351515	11	11	11	0	11	-0.0249628	-0.0249628	0	0.921959	0.921959	0	3.86667	3.86667	0	
5	0	5	0	10	0.755556	0.129546	0.755556	0	0.4	9	9	9	0	9	0.57619	0.57619	0	0.750084	0.750084	0	3.6	3.6	0	
4	0	4	0	10	0.644444	0.151819	0.644444	0	0.362963	9	9	9	0	9	0.117398	0.117398	0	1.76693	1.76693	0	3.26667	3.26667	0	
5	0	5	0	10	0.8	0.100133	0.8	0	0.391111	5	5	5	0	5	0.426811	0.426811	0	-0.653436	-0.653436	0	1.95556	1.95556	0	
3	0	3	0	10	0.644444	0.101237	0.644444	0	0.461111	8	8	8	0	8	1.31359	1.31359	0	3.76403	3.76403	0	3.68889	3.68889	0	
4	0	4	0	10	0.777778	0.0906765	0.777778	0	0.325926	6	6	6	0	6	-0.322544	-0.322544	0	0.542604	0.542604	0	1.95556	1.95556	0	
6	0	6	0	10	0.844444	0.102935	0.844444	0	0.365079	7	7	7	0	7	0.138919	0.138919	0	-1.20673	-1.20673	0	2.55556	2.55556	0	
4	0	4	0	10	0.733333	0.119889	0.733333	0	0.293333	5	5	5	0	5	-0.682351	-0.682351	0	-0.0767804	-0.0767804	0	1.46667	1.46667	0	
4	0	4	0	10	0.8	0.0888444	0.8	0	0.457143	7	7	7	0	7	1.24206	1.24206	0	1.71332	1.71332	0	3.2	3.2	0	
1	0	1	0	10	0	0	0	0	0	0	0	0	0	0	0	0	0	0	0	0	0	0	0	
5	0	5	0	10	0.822222	0.0969307	0.822222	0	0.392593	6	6	6	0	6	0.457684	0.457684	0	-0.230334	-0.230334	0	2.35556	2.35556	0	
5	0	5	0	10	0.822222	0.0969307	0.822222	0	0.277778	6	6	6	0	6	-0.886043	-0.886043	0	-1.02075	-1.02075	0	1.66667	1.66667	0	
4	0	4	0	10	0.777778	0.0906765	0.777778	0	0.502222	5	5	5	0	5	1.68722	1.68722	0	1.1137	1.1137	0	2.51111	2.51111	0	
5	0	5	0	10	0.844444	0.0795543	0.844444	0	0.322222	4	4	4	0	4	-0.339564	-0.339564	0	-1.62852	-1.62852	0	1.28889	1.28889	0	
4	0	4	0	10	0.733333	0.100532	0.733333	0	0.402222	10	10	10	0	10	0.611114	0.611114	0	2.33506	2.33506	0	4.02222	4.02222	0	
4	0	4	0	10	0.777778	0.0906765	0.777778	0	0.52381	7	7	7	0	7	2.04089	2.04089	0	2.07599	2.07599	0	3.66667	3.66667	0	
3	0	3	0	10	0.511111	0.164303	0.511111	0	0.42963	3	3	3	0	3	0.775012	0.775012	0	0.984981	0.984981	0	1.28889	1.28889	0	
4	0	4	0	10	0.711111	0.117454	0.711111	0	0.466667	8	8	8	0	8	1.3814	1.3814	0	2.1256	2.1256	0	3.73333	3.73333	0	
5	0	5	0	10	0.755556	0.129546	0.755556	0	0.337037	6	6	6	0	6	-0.192506	-0.192506	0	-0.57702	-0.57702	0	2.02222	2.02222	0	
3	0	3	0	10	0.688889	0.103837	0.688889	0	0.463889	8	8	8	0	8	1.34749	1.34749	0	3.78441	3.78441	0	3.71111	3.71111	0	
3	0	3	0	10	0.6	0.130537	0.6	0	0.333333	2	2	2	0	2	-0.183929	-0.183929	0	-0.27178	-0.27178	0	0.666667	0.666667	0	
4	0	4	0	10	0.644444	0.151819	0.644444	0	0.469444	8	8	8	0	8	1.4153	1.4153	0	2.14202	2.14202	0	3.75556	3.75556	0	
3	0	3	0	10	0.377778	0.181279	0.377778	0	0.2	4	4	4	0	4	-1.66706	-1.66706	0	0.0579335	0.0579335	0	0.8	0.8	0	
3	0	3	0	10	0.377778	0.181279	0.377778	0	0.277778	2	2	2	0	2	-0.69098	-0.69098	0	-0.593814	-0.593814	0	0.555556	0.555556	0	
3	0	3	0	10	0.6	0.130537	0.6	0	0.377778	3	3	3	0	3	0.24725	0.24725	0	0.722822	0.722822	0	1.13333	1.13333	0	
3	0	3	0	10	0.377778	0.181279	0.377778	0	0.2	6	6	6	0	6	-1.79631	-1.79631	0	0.83799	0.83799	0	1.2	1.2	0	
3	0	3	0	10	0.622222	0.138307	0.622222	0	0.444444	2	2	2	0	2	0.830172	0.830172	0	0.253363	0.253363	0	0.888889	0.888889	0	
5	0	5	0	10	0.844444	0.0795543	0.844444	0	0.437037	6	6	6	0	6	0.977836	0.977836	0	0.0136386	0.0136386	0	2.62222	2.62222	0	
4	0	4	0	10	0.8	0.0758947	0.8	0	0.377778	3	3	3	0	3	0.24725	0.24725	0	-0.615736	-0.615736	0	1.13333	1.13333	0	
5	0	5	0	10	0.822222	0.0969307	0.822222	0	0.418519	6	6	6	0	6	0.761106	0.761106	0	-0.0849915	-0.0849915	0	2.51111	2.51111	0	
2	0	2	0	10	0.466667	0.131757	0.466667	0	0.466667	1	1	1	0	1	0.819796	0.819796	0	0.818008	0.818008	0	0.466667	0.466667	0	
4	0	4	0	10	0.733333	0.100532	0.733333	0	0.283333	4	4	4	0	4	-0.761949	-0.761949	0	-0.615736	-0.615736	0	1.13333	1.13333	0	
2	0	2	0	10	0.466667	0.131757	0.466667	0	0.466667	1	1	1	0	1	0.819796	0.819796	0	0.818008	0.818008	0	0.466667	0.466667	0	
4	0	4	0	10	0.733333	0.100532	0.733333	0	0.45	8	8	8	0	8	1.17798	1.17798	0	2.02587	2.02587	0	3.6	3.6	0	
5	0	5	0	10	0.844444	0.0795543	0.844444	0	0.432099	9	9	9	0	9	0.97381	0.97381	0	0.935869	0.935869	0	3.88889	3.88889	0	
3	0	3	0	10	0.511111	0.164303	0.511111	0	0.293333	5	5	5	0	5	-0.682351	-0.682351	0	1.26028	1.26028	0	1.46667	1.46667	0	
3	0	3	0	10	0.377778	0.181279	0.377778	0	0.2	3	3	3	0	3	-1.56222	-1.56222	0	-0.458608	-0.458608	0	0.6	0.6	0	
3	0	3	0	10	0.6	0.130537	0.6	0	0.44	5	5	5	0	5	0.981391	0.981391	0	2.22538	2.22538	0	2.2	2.2	0	
5	0	5	0	10	0.755556	0.129546	0.755556	0	0.277778	4	4	4	0	4	-0.82229	-0.82229	0	-1.99329	-1.99329	0	1.11111	1.11111	0	
2	0	2	0	10	0.555556	0.0745356	0.555556	0	0.555556	2	2	2	0	2	1.84427	1.84427	0	2.42917	2.42917	0	1.11111	1.11111	0	
5	0	5	0	10	0.755556	0.129546	0.755556	0	0.277778	4	4	4	0	4	-0.82229	-0.82229	0	-1.99329	-1.99329	0	1.11111	1.11111	0	
1	0	1	0	10	0	0	0	0	0	0	0	0	0	0	0	0	0	0	0	0	0	0	0	
6	0	6	0	10	0.844444	0.102935	0.844444	0	0.311111	11	11	11	0	11	-0.536784	-0.536784	0	-0.502077	-0.502077	0	3.42222	3.42222	0	
2	0	2	0	10	0.555556	0.0745356	0.555556	0	0.555556	1	1	1	0	1	1.46364	1.46364	0	1.09586	1.09586	0	0.555556	0.555556	0	
4	0	4	0	10	0.733333	0.119889	0.733333	0	0.324444	5	5	5	0	5	-0.329436	-0.329436	0	0.137067	0.137067	0	1.62222	1.62222	0	
6	0	6	0	10	0.844444	0.102935	0.844444	0	0.335802	9	9	9	0	9	-0.21905	-0.21905	0	-0.798037	-0.798037	0	3.02222	3.02222	0	
3	0	3	0	10	0.711111	0.0859974	0.711111	0	0.462222	5	5	5	0	5	1.23347	1.23347	0	2.35538	2.35538	0	2.31111	2.31111	0	
4	0	4	0	10	0.777778	0.0906765	0.777778	0	0.482222	10	10	10	0	10	1.61425	1.61425	0	2.87565	2.87565	0	4.82222	4.82222	0	
6	0	6	0	10	0.888889	0.0754247	0.888889	0	0.381481	6	6	6	0	6	0.327646	0.327646	0	-1.48324	-1.48324	0	2.28889	2.28889	0	
6	0	6	0	10	0.844444	0.102935	0.844444	0	0.361905	7	7	7	0	7	0.10088	0.10088	0	-1.22838	-1.22838	0	2.53333	2.53333	0	
3	0	3	0	10	0.511111	0.164303	0.511111	0	0.413333	5	5	5	0	5	0.678893	0.678893	0	2.06482	2.06482	0	2.06667	2.06667	0	
2	0	2	0	10	0.355556	0.159109	0.355556	0	0.355556	2	2	2	0	2	0.0188908	0.0188908	0	1.52347	1.52347	0	0.711111	0.711111	0	
4	0	4	0	10	0.8	0.0888444	0.8	0	0.452525	11	11	11	0	11	1.25459	1.25459	0	2.97505	2.97505	0	4.97778	4.97778	0	
4	0	4	0	10	0.777778	0.0906765	0.777778	0	0.340741	3	3	3	0	3	-0.129722	-0.129722	0	-0.83052	-0.83052	0	1.02222	1.02222	0	
4	0	4	0	10	0.644444	0.151819	0.644444	0	0.283333	4	4	4	0	4	-0.761949	-0.761949	0	-0.615736	-0.615736	0	1.13333	1.13333	0	
5	0	5	0	10	0.844444	0.0795543	0.844444	0	0.284444	5	5	5	0	5	-0.783184	-0.783184	0	-1.39262	-1.39262	0	1.42222	1.42222	0	
6	0	6	0	10	0.844444	0.102935	0.844444	0	0.384127	7	7	7	0	7	0.367155	0.367155	0	-1.08141	-1.08141	0	2.68889	2.68889	0	
5	0	5	0	10	0.866667	0.0713676	0.866667	0	0.366667	4	4	4	0	4	0.143162	0.143162	0	-1.31974	-1.31974	0	1.46667	1.46667	0	
6	0	6	0	10	0.844444	0.102935	0.844444	0	0.262222	5	5	5	0	5	-1.03527	-1.03527	0	-3.02288	-3.02288	0	1.31111	1.31111	0	
7	0	7	0	10	0.911111	0.0773448	0.911111	0	0.281481	6	6	6	0	6	-0.842697	-0.842697	0	-3.84461	-3.84461	0	1.68889	1.68889	0	
5	0	5	0	10	0.844444	0.0795543	0.844444	0	0.392593	6	6	6	0	6	0.457684	0.457684	0	-0.230334	-0.230334	0	2.35556	2.35556	0	
4	0	4	0	10	0.733333	0.100532	0.733333	0	0.274074	9	9	9	0	9	-0.983704	-0.983704	0	1.07152	1.07152	0	2.46667	2.46667	0	
6	0	6	0	10	0.888889	0.0754247	0.888889	0	0.434783	23	23	23	0	23	1.09003	1.09003	0	2.13495	2.13495	0	10	10	0	
4	0	4	0	10	0.777778	0.0906765	0.777778	0	0.328889	5	5	5	0	5	-0.279019	-0.279019	0	0.16615	0.16615	0	1.64444	1.64444	0	
7	0	7	0	10	0.911111	0.0773448	0.911111	0	0.383333	8	8	8	0	8	0.364296	0.364296	0	-1.98877	-1.98877	0	3.06667	3.06667	0	
2	0	2	0	10	0.355556	0.159109	0.355556	0	0.355556	4	4	4	0	4	0.0224807	0.0224807	0	3.02501	3.02501	0	1.42222	1.42222	0	
5	0	5	0	10	0.822222	0.0969307	0.822222	0	0.293333	5	5	5	0	5	-0.682351	-0.682351	0	-1.31974	-1.31974	0	1.46667	1.46667	0	
4	0	4	0	10	0.711111	0.117454	0.711111	0	0.253333	5	5	5	0	5	-1.1361	-1.1361	0	-0.384079	-0.384079	0	1.26667	1.26667	0	
1	0	1	0	10	0	0	0	0	0	0	0	0	0	0	0	0	0	0	0	0	0	0	0	
3	0	3	0	10	0.511111	0.164303	0.511111	0	0.277778	2	2	2	0	2	-0.69098	-0.69098	0	-0.593814	-0.593814	0	0.555556	0.555556	0	
4	0	4	0	10	0.8	0.0758947	0.8	0	0.426667	5	5	5	0	5	0.830142	0.830142	0	0.736945	0.736945	0	2.13333	2.13333	0	
1	0	1	0	10	0	0	0	0	0	0	0	0	0	0	0	0	0	0	0	0	0	0	0	
3	0	3	0	10	0.511111	0.164303	0.511111	0	0.333333	2	2	2	0	2	-0.183929	-0.183929	0	-0.27178	-0.27178	0	0.666667	0.666667	0	
2	0	2	0	10	0.355556	0.159109	0.355556	0	0.355556	1	1	1	0	1	0.014992	0.014992	0	0.4167	0.4167	0	0.355556	0.355556	0	
3	0	3	0	10	0.688889	0.103837	0.688889	0	0.392593	3	3	3	0	3	0.398039	0.398039	0	0.800101	0.800101	0	1.17778	1.17778	0	
8	0	8	0	10	0.955556	0.0594045	0.955556	0	0.338889	8	8	8	0	8	-0.178158	-0.178158	0	-3.91135	-3.91135	0	2.71111	2.71111	0	
5	0	5	0	10	0.822222	0.0969307	0.822222	0	0.297778	5	5	5	0	5	-0.631934	-0.631934	0	-1.28426	-1.28426	0	1.48889	1.48889	0	
3	0	3	0	10	0.511111	0.164303	0.511111	0	0.338272	9	9	9	0	9	-0.188464	-0.188464	0	3.14461	3.14461	0	3.04444	3.04444	0	
4	0	4	0	10	0.777778	0.0906765	0.777778	0	0.4	3	3	3	0	3	0.473434	0.473434	0	-0.496767	-0.496767	0	1.2	1.2	0	
6	0	6	0	10	0.844444	0.102935	0.844444	0	0.433333	12	12	12	0	12	1.02026	1.02026	0	0.480989	0.480989	0	5.2	5.2	0	
3	0	3	0	10	0.6	0.130537	0.6	0	0.5	2	2	2	0	2	1.33722	1.33722	0	0.477271	0.477271	0	1	1	0	
3	0	3	0	10	0.6	0.130537	0.6	0	0.266667	5	5	5	0	5	-0.984849	-0.984849	0	1.05597	1.05597	0	1.33333	1.33333	0	
6	0	6	0	10	0.866667	0.0850098	0.866667	0	0.424242	11	11	11	0	11	0.896315	0.896315	0	0.225846	0.225846	0	4.66667	4.66667	0	
3	0	3	0	10	0.511111	0.164303	0.511111	0	0.333333	2	2	2	0	2	-0.183929	-0.183929	0	-0.27178	-0.27178	0	0.666667	0.666667	0	
4	0	4	0	10	0.644444	0.151819	0.644444	0	0.304762	7	7	7	0	7	-0.583828	-0.583828	0	0.736945	0.736945	0	2.13333	2.13333	0	
5	0	5	0	10	0.866667	0.0713676	0.866667	0	0.485714	7	7	7	0	7	1.58441	1.58441	0	0.614515	0.614515	0	3.4	3.4	0	
5	0	5	0	10	0.844444	0.0795543	0.844444	0	0.373333	5	5	5	0	5	0.225145	0.225145	0	-0.759769	-0.759769	0	1.86667	1.86667	0	
4	0	4	0	10	0.533333	0.180074	0.533333	0	0.225926	6	6	6	0	6	-1.49289	-1.49289	0	-0.242321	-0.242321	0	1.35556	1.35556	0	
6	0	6	0	10	0.911111	0.0620394	0.911111	0	0.375	8	8	8	0	8	0.262586	0.262586	0	-0.815767	-0.815767	0	3	3	0	
1	0	1	0	10	0	0	0	0	0	0	0	0	0	0	0	0	0	0	0	0	0	0	0	
4	0	4	0	10	0.777778	0.0906765	0.777778	0	0.459259	6	6	6	0	6	1.23791	1.23791	0	1.33722	1.33722	0	2.75556	2.75556	0	
6	0	6	0	10	0.844444	0.102935	0.844444	0	0.333333	6	6	6	0	6	-0.235852	-0.235852	0	-1.83256	-1.83256	0	2	2	0	
3	0	3	0	10	0.711111	0.0859974	0.711111	0	0.488889	4	4	4	0	4	1.47066	1.47066	0	1.92679	1.92679	0	1.95556	1.95556	0	
2	0	2	0	10	0.2	0.154143	0.2	0	0.2	1	1	1	0	1	-1.11173	-1.11173	0	-0.339314	-0.339314	0	0.2	0.2	0	
3	0	3	0	10	0.6	0.130537	0.6	0	0.333333	2	2	2	0	2	-0.183929	-0.183929	0	-0.27178	-0.27178	0	0.666667	0.666667	0	
7	0	7	0	10	0.911111	0.0773448	0.911111	0	0.294949	11	11	11	0	11	-0.741512	-0.741512	0	-1.83445	-1.83445	0	3.24444	3.24444	0	
6	0	6	0	10	0.866667	0.0850098	0.866667	0	0.366667	8	8	8	0	8	0.160876	0.160876	0	-0.869882	-0.869882	0	2.93333	2.93333	0	
3	0	3	0	10	0.377778	0.181279	0.377778	0	0.2	5	5	5	0	5	-1.7411	-1.7411	0	0.477271	0.477271	0	1	1	0	
4	0	4	0	10	0.822222	0.0716163	0.822222	0	0.405556	4	4	4	0	4	0.565548	0.565548	0	0.137067	0.137067	0	1.62222	1.62222	0	
4	0	4	0	10	0.644444	0.151819	0.644444	0	0.231111	5	5	5	0	5	-1.38818	-1.38818	0	-0.575329	-0.575329	0	1.15556	1.15556	0	
7	0	7	0	10	0.911111	0.0773448	0.911111	0	0.447407	15	15	15	0	15	1.22382	1.22382	0	-0.0466823	-0.0466823	0	6.71111	6.71111	0	
2	0	2	0	10	0.2	0.154143	0.2	0	0.2	1	1	1	0	1	-1.11173	-1.11173	0	-0.339314	-0.339314	0	0.2	0.2	0	
5	0	5	0	10	0.866667	0.0713676	0.866667	0	0.427778	4	4	4	0	4	0.806911	0.806911	0	-0.959855	-0.959855	0	1.71111	1.71111	0	
2	0	2	0	10	0.355556	0.159109	0.355556	0	0.355556	1	1	1	0	1	0.014992	0.014992	0	0.4167	0.4167	0	0.355556	0.355556	0	
4	0	4	0	10	0.644444	0.151819	0.644444	0	0.277778	4	4	4	0	4	-0.82229	-0.82229	0	-0.65694	-0.65694	0	1.11111	1.11111	0	
3	0	3	0	10	0.6	0.130537	0.6	0	0.333333	2	2	2	0	2	-0.183929	-0.183929	0	-0.27178	-0.27178	0	0.666667	0.666667	0	
4	0	4	0	10	0.777778	0.0906765	0.777778	0	0.4	4	4	4	0	4	0.505207	0.505207	0	0.107641	0.107641	0	1.6	1.6	0	
1	0	1	0	10	0	0	0	0	0	0	0	0	0	0	0	0	0	0	0	0	0	0	0	
7	0	7	0	10	0.911111	0.0773448	0.911111	0	0.374603	7	7	7	0	7	0.253037	0.253037	0	-2.43481	-2.43481	0	2.62222	2.62222	0	
4	0	4	0	10	0.777778	0.0906765	0.777778	0	0.418519	6	6	6	0	6	0.761106	0.761106	0	1.1137	1.1137	0	2.51111	2.51111	0	
3	0	3	0	10	0.6	0.130537	0.6	0	0.266667	4	4	4	0	4	-0.942971	-0.942971	0	0.602811	0.602811	0	1.06667	1.06667	0	
6	0	6	0	10	0.911111	0.0620394	0.911111	0	0.326984	7	7	7	0	7	-0.317553	-0.317553	0	-1.48324	-1.48324	0	2.28889	2.28889	0	
1	0	1	0	10	0	0	0	0	0	0	0	0	0	0	0	0	0	0	0	0	0	0	0	
4	0	4	0	10	0.733333	0.100532	0.733333	0	0.366667	4	4	4	0	4	0.143162	0.143162	0	-0.0767804	-0.0767804	0	1.46667	1.46667	0	
4	0	4	0	10	0.711111	0.117454	0.711111	0	0.375	8	8	8	0	8	0.262586	0.262586	0	1.54834	1.54834	0	3	3	0	
2	0	2	0	10	0.2	0.154143	0.2	0	0.2	1	1	1	0	1	-1.11173	-1.11173	0	-0.339314	-0.339314	0	0.2	0.2	0	
3	0	3	0	10	0.688889	0.103837	0.688889	0	0.496296	3	3	3	0	3	1.45356	1.45356	0	1.29319	1.29319	0	1.48889	1.48889	0	
6	0	6	0	10	0.777778	0.137437	0.777778	0	0.362963	6	6	6	0	6	0.110916	0.110916	0	-1.61059	-1.61059	0	2.17778	2.17778	0	
3	0	3	0	10	0.377778	0.181279	0.377778	0	0.303704	3	3	3	0	3	-0.506695	-0.506695	0	0.299793	0.299793	0	0.911111	0.911111	0	
6	0	6	0	10	0.866667	0.0850098	0.866667	0	0.3	6	6	6	0	6	-0.625967	-0.625967	0	-2.11488	-2.11488	0	1.8	1.8	0	
5	0	5	0	10	0.755556	0.129546	0.755556	0	0.408889	5	5	5	0	5	0.628476	0.628476	0	-0.552137	-0.552137	0	2.04444	2.04444	0	
4	0	4	0	10	0.644444	0.151819	0.644444	0	0.255556	6	6	6	0	6	-1.14612	-1.14612	0	0.0171927	0.0171927	0	1.53333	1.53333	0	
5	0	5	0	10	0.822222	0.0969307	0.822222	0	0.362963	6	6	6	0	6	0.110916	0.110916	0	-0.408508	-0.408508	0	2.17778	2.17778	0	
6	0	6	0	10	0.888889	0.0754247	0.888889	0	0.394444	8	8	8	0	8	0.49991	0.49991	0	-0.694708	-0.694708	0	3.15556	3.15556	0	
5	0	5	0	10	0.8	0.100133	0.8	0	0.393651	7	7	7	0	7	0.481273	0.481273	0	0.126975	0.126975	0	2.75556	2.75556	0	
1	0	1	0	10	0	0	0	0	0	0	0	0	0	0	0	0	0	0	0	0	0	0	0	
1	0	1	0	10	0	0	0	0	0	0	0	0	0	0	0	0	0	0	0	0	0	0	0	
6	0	6	0	10	0.911111	0.0620394	0.911111	0	0.357778	10	10	10	0	10	0.0538183	0.0538183	0	-0.397202	-0.397202	0	3.57778	3.57778	0	
3	0	3	0	10	0.377778	0.181279	0.377778	0	0.2	3	3	3	0	3	-1.56222	-1.56222	0	-0.458608	-0.458608	0	0.6	0.6	0	
4	0	4	0	10	0.733333	0.119889	0.733333	0	0.327778	4	4	4	0	4	-0.279223	-0.279223	0	-0.312068	-0.312068	0	1.31111	1.31111	0	
5	0	5	0	10	0.755556	0.129546	0.755556	0	0.253333	5	5	5	0	5	-1.1361	-1.1361	0	-1.67067	-1.67067	0	1.26667	1.26667	0	
4	0	4	0	10	0.533333	0.180074	0.533333	0	0.333333	9	9	9	0	9	-0.249636	-0.249636	0	1.54834	1.54834	0	3	3	0	
3	0	3	0	10	0.377778	0.181279	0.377778	0	0.222222	7	7	7	0	7	-1.57285	-1.57285	0	1.39017	1.39017	0	1.55556	1.55556	0	
4	0	4	0	10	0.733333	0.119889	0.733333	0	0.324444	5	5	5	0	5	-0.329436	-0.329436	0	0.137067	0.137067	0	1.62222	1.62222	0	
5	0	5	0	10	0.8	0.100133	0.8	0	0.386667	5	5	5	0	5	0.376394	0.376394	0	-0.679525	-0.679525	0	1.93333	1.93333	0	
3	0	3	0	10	0.377778	0.181279	0.377778	0	0.2	2	2	2	0	2	-1.40085	-1.40085	0	-1.16394	-1.16394	0	0.4	0.4	0	
3	0	3	0	10	0.6	0.130537	0.6	0	0.366667	2	2	2	0	2	0.120301	0.120301	0	-0.100592	-0.100592	0	0.733333	0.733333	0	
5	0	5	0	10	0.755556	0.129546	0.755556	0	0.293333	5	5	5	0	5	-0.682351	-0.682351	0	-1.31974	-1.31974	0	1.46667	1.46667	0	
6	0	6	0	10	0.911111	0.0620394	0.911111	0	0.359259	6	6	6	0	6	0.0675697	0.0675697	0	-1.63705	-1.63705	0	2.15556	2.15556	0	
4	0	4	0	10	0.711111	0.117454	0.711111	0	0.364444	5	5	5	0	5	0.124312	0.124312	0	0.387679	0.387679	0	1.82222	1.82222	0	
4	0	4	0	10	0.777778	0.0906765	0.777778	0	0.25679	9	9	9	0	9	-1.19781	-1.19781	0	0.919651	0.919651	0	2.31111	2.31111	0	
4	0	4	0	10	0.711111	0.117454	0.711111	0	0.257778	15	15	15	0	15	-1.2471	-1.2471	0	2.22334	2.22334	0	3.86667	3.86667	0	
4	0	4	0	10	0.733333	0.100532	0.733333	0	0.472727	11	11	11	0	11	1.5105	1.5105	0	3.11424	3.11424	0	5.2	5.2	0	
6	0	6	0	10	0.888889	0.0754247	0.888889	0	0.35873	7	7	7	0	7	0.0628404	0.0628404	0	-1.25027	-1.25027	0	2.51111	2.51111	0	
4	0	4	0	10	0.822222	0.0716163	0.822222	0	0.459259	3	3	3	0	3	1.07659	1.07659	0	-0.208243	-0.208243	0	1.37778	1.37778	0	
1	0	1	0	10	0	0	0	0	0	0	0	0	0	0	0	0	0	0	0	0	0	0	0	
4	0	4	0	10	0.777778	0.0906765	0.777778	0	0.346667	5	5	5	0	5	-0.0773538	-0.0773538	0	0.279264	0.279264	0	1.73333	1.73333	0	
6	0	6	0	10	0.844444	0.102935	0.844444	0	0.247619	7	7	7	0	7	-1.26854	-1.26854	0	-2.21823	-2.21823	0	1.73333	1.73333	0	
5	0	5	0	10	0.755556	0.129546	0.755556	0	0.392593	6	6	6	0	6	0.457684	0.457684	0	-0.230334	-0.230334	0	2.35556	2.35556	0	
5	0	5	0	10	0.8	0.100133	0.8	0	0.322222	10	10	10	0	10	-0.392019	-0.392019	0	0.488475	0.488475	0	3.22222	3.22222	0	
2	0	2	0	10	0.2	0.154143	0.2	0	0.2	1	1	1	0	1	-1.11173	-1.11173	0	-0.339314	-0.339314	0	0.2	0.2	0	
4	0	4	0	10	0.777778	0.0906765	0.777778	0	0.481481	6	6	6	0	6	1.49799	1.49799	0	1.45377	1.45377	0	2.88889	2.88889	0	
4	0	4	0	10	0.733333	0.119889	0.733333	0	0.435556	5	5	5	0	5	0.930975	0.930975	0	0.783627	0.783627	0	2.17778	2.17778	0	
7	0	7	0	10	0.911111	0.0773448	0.911111	0	0.287302	14	14	14	0	14	-0.85752	-0.85752	0	-1.27216	-1.27216	0	4.02222	4.02222	0	
3	0	3	0	10	0.644444	0.101237	0.644444	0	0.366667	2	2	2	0	2	0.120301	0.120301	0	-0.100592	-0.100592	0	0.733333	0.733333	0	
2	0	2	0	10	0.2	0.154143	0.2	0	0.2	7	7	7	0	7	-1.83913	-1.83913	0	2.98462	2.98462	0	1.4	1.4	0	
5	0	5	0	10	0.844444	0.0795543	0.844444	0	0.395062	9	9	9	0	9	0.515018	0.515018	0	0.720485	0.720485	0	3.55556	3.55556	0	
4	0	4	0	10	0.644444	0.151819	0.644444	0	0.288889	3	3	3	0	3	-0.657484	-0.657484	0	-1.1758	-1.1758	0	0.866667	0.866667	0	
4	0	4	0	10	0.8	0.0758947	0.8	0	0.433333	6	6	6	0	6	0.93449	0.93449	0	1.19657	1.19657	0	2.6	2.6	0	
3	0	3	0	10	0.6	0.130537	0.6	0	0.44	5	5	5	0	5	0.981391	0.981391	0	2.22538	2.22538	0	2.2	2.2	0	
3	0	3	0	10	0.622222	0.138307	0.622222	0	0.355556	5	5	5	0	5	0.0234791	0.0234791	0	1.69679	1.69679	0	1.77778	1.77778	0	
4	0	4	0	10	0.533333	0.180074	0.533333	0	0.2	4	4	4	0	4	-1.66706	-1.66706	0	-1.34464	-1.34464	0	0.8	0.8	0	
4	0	4	0	10	0.777778	0.0906765	0.777778	0	0.361111	4	4	4	0	4	0.0828215	0.0828215	0	-0.108954	-0.108954	0	1.44444	1.44444	0	
6	0	6	0	10	0.777778	0.137437	0.777778	0	0.2	7	7	7	0	7	-1.83913	-1.83913	0	-2.82716	-2.82716	0	1.4	1.4	0	
4	0	4	0	10	0.711111	0.117454	0.711111	0	0.311111	3	3	3	0	3	-0.4313	-0.4313	0	-1.02041	-1.02041	0	0.933333	0.933333	0	
6	0	6	0	10	0.888889	0.0754247	0.888889	0	0.244444	7	7	7	0	7	-1.30658	-1.30658	0	-2.25384	-2.25384	0	1.71111	1.71111	0	
6	0	6	0	10	0.888889	0.0754247	0.888889	0	0.385185	6	6	6	0	6	0.370992	0.370992	0	-1.4587	-1.4587	0	2.31111	2.31111	0	
5	0	5	0	10	0.866667	0.0713676	0.866667	0	0.432099	9	9	9	0	9	0.97381	0.97381	0	0.935869	0.935869	0	3.88889	3.88889	0	
3	0	3	0	10	0.6	0.130537	0.6	0	0.311111	3	3	3	0	3	-0.4313	-0.4313	0	0.345355	0.345355	0	0.933333	0.933333	0	
5	0	5	0	10	0.8	0.100133	0.8	0	0.352381	7	7	7	0	7	-0.0132383	-0.0132383	0	-0.125609	-0.125609	0	2.46667	2.46667	0	
3	0	3	0	10	0.6	0.130537	0.6	0	0.5	2	2	2	0	2	1.33722	1.33722	0	0.477271	0.477271	0	1	1	0	
3	0	3	0	10	0.511111	0.164303	0.511111	0	0.35873	7	7	7	0	7	0.0628404	0.0628404	0	2.58162	2.58162	0	2.51111	2.51111	0	
3	0	3	0	10	0.644444	0.101237	0.644444	0	0.466667	4	4	4	0	4	1.2293	1.2293	0	1.81329	1.81329	0	1.86667	1.86667	0	
4	0	4	0	10	0.711111	0.117454	0.711111	0	0.396825	7	7	7	0	7	0.519312	0.519312	0	1.35689	1.35689	0	2.77778	2.77778	0	
3	0	3	0	10	0.711111	0.0859974	0.711111	0	0.474074	3	3	3	0	3	1.22738	1.22738	0	1.19353	1.19353	0	1.42222	1.42222	0	
3	0	3	0	10	0.377778	0.181279	0.377778	0	0.2	3	3	3	0	3	-1.56222	-1.56222	0	-0.458608	-0.458608	0	0.6	0.6	0	
5	0	5	0	10	0.822222	0.0969307	0.822222	0	0.403704	6	6	6	0	6	0.587722	0.587722	0	-0.166937	-0.166937	0	2.42222	2.42222	0	
3	0	3	0	10	0.688889	0.103837	0.688889	0	0.411111	2	2	2	0	2	0.525941	0.525941	0	0.108362	0.108362	0	0.822222	0.822222	0	
3	0	3	0	10	0.511111	0.164303	0.511111	0	0.324444	5	5	5	0	5	-0.329436	-0.329436	0	1.48469	1.48469	0	1.62222	1.62222	0	
4	0	4	0	10	0.644444	0.151819	0.644444	0	0.413333	15	15	15	0	15	0.77983	0.77983	0	3.70458	3.70458	0	6.2	6.2	0	
4	0	4	0	10	0.711111	0.117454	0.711111	0	0.342857	7	7	7	0	7	-0.127356	-0.127356	0	1.00727	1.00727	0	2.4	2.4	0	
4	0	4	0	10	0.644444	0.151819	0.644444	0	0.269841	7	7	7	0	7	-1.00226	-1.00226	0	0.466222	0.466222	0	1.88889	1.88889	0	
6	0	6	0	10	0.888889	0.0754247	0.888889	0	0.318519	12	12	12	0	12	-0.446799	-0.446799	0	-0.241896	-0.241896	0	3.82222	3.82222	0	
5	0	5	0	10	0.888889	0.0596285	0.888889	0	0.377778	8	8	8	0	8	0.296489	0.296489	0	0.339524	0.339524	0	3.02222	3.02222	0	
3	0	3	0	10	0.644444	0.101237	0.644444	0	0.377778	2	2	2	0	2	0.221711	0.221711	0	-0.0464656	-0.0464656	0	0.755556	0.755556	0	
4	0	4	0	10	0.644444	0.151819	0.644444	0	0.297222	8	8	8	0	8	-0.686709	-0.686709	0	0.98558	0.98558	0	2.37778	2.37778	0	
3	0	3	0	10	0.511111	0.164303	0.511111	0	0.277778	2	2	2	0	2	-0.69098	-0.69098	0	-0.593814	-0.593814	0	0.555556	0.555556	0	
6	0	6	0	10	0.888889	0.0754247	0.888889	0	0.396296	6	6	6	0	6	0.50103	0.50103	0	-1.38682	-1.38682	0	2.37778	2.37778	0	
4	0	4	0	10	0.644444	0.151819	0.644444	0	0.392593	6	6	6	0	6	0.457684	0.457684	0	0.963749	0.963749	0	2.35556	2.35556	0	
4	0	4	0	10	0.644444	0.151819	0.644444	0	0.311111	3	3	3	0	3	-0.4313	-0.4313	0	-1.02041	-1.02041	0	0.933333	0.933333	0	
4	0	4	0	10	0.533333	0.180074	0.533333	0	0.2	5	5	5	0	5	-1.7411	-1.7411	0	-0.876332	-0.876332	0	1	1	0	
3	0	3	0	10	0.688889	0.103837	0.688889	0	0.459259	3	3	3	0	3	1.07659	1.07659	0	1.12546	1.12546	0	1.37778	1.37778	0	
6	0	6	0	10	0.888889	0.0754247	0.888889	0	0.375556	10	10	10	0	10	0.276737	0.276737	0	-0.283187	-0.283187	0	3.75556	3.75556	0	
4	0	4	0	10	0.777778	0.0906765	0.777778	0	0.4	3	3	3	0	3	0.473434	0.473434	0	-0.496767	-0.496767	0	1.2	1.2	0	
5	0	5	0	10	0.866667	0.0713676	0.866667	0	0.316667	4	4	4	0	4	-0.399905	-0.399905	0	-1.67067	-1.67067	0	1.26667	1.26667	0	
4	0	4	0	10	0.644444	0.151819	0.644444	0	0.303704	3	3	3	0	3	-0.506695	-0.506695	0	-1.07085	-1.07085	0	0.911111	0.911111	0	
3	0	3	0	10	0.6	0.130537	0.6	0	0.4	4	4	4	0	4	0.505207	0.505207	0	1.45344	1.45344	0	1.6	1.6	0	
3	0	3	0	10	0.711111	0.0859974	0.711111	0	0.474074	3	3	3	0	3	1.22738	1.22738	0	1.19353	1.19353	0	1.42222	1.42222	0	
4	0	4	0	10	0.533333	0.180074	0.533333	0	0.277778	4	4	4	0	4	-0.82229	-0.82229	0	-0.65694	-0.65694	0	1.11111	1.11111	0	
4	0	4	0	10	0.644444	0.151819	0.644444	0	0.252778	8	8	8	0	8	-1.22916	-1.22916	0	0.616994	0.616994	0	2.02222	2.02222	0	
3	0	3	0	10	0.6	0.130537	0.6	0	0.333333	2	2	2	0	2	-0.183929	-0.183929	0	-0.27178	-0.27178	0	0.666667	0.666667	0	
4	0	4	0	10	0.533333	0.180074	0.533333	0	0.251852	3	3	3	0	3	-1.03446	-1.03446	0	-1.46598	-1.46598	0	0.755556	0.755556	0	
1	0	1	0	10	0	0	0	0	0	0	0	0	0	0	0	0	0	0	0	0	0	0	0	
5	0	5	0	10	0.8	0.100133	0.8	0	0.333333	5	5	5	0	5	-0.228603	-0.228603	0	-1.02075	-1.02075	0	1.66667	1.66667	0	
3	0	3	0	10	0.511111	0.164303	0.511111	0	0.338272	9	9	9	0	9	-0.188464	-0.188464	0	3.14461	3.14461	0	3.04444	3.04444	0	
2	0	2	0	10	0.2	0.154143	0.2	0	0.2	1	1	1	0	1	-1.11173	-1.11173	0	-0.339314	-0.339314	0	0.2	0.2	0	
5	0	5	0	10	0.8	0.100133	0.8	0	0.336111	8	8	8	0	8	-0.212061	-0.212061	0	0.0709544	0.0709544	0	2.68889	2.68889	0	
4	0	4	0	10	0.711111	0.117454	0.711111	0	0.416667	4	4	4	0	4	0.686229	0.686229	0	0.194901	0.194901	0	1.66667	1.66667	0	
3	0	3	0	10	0.6	0.130537	0.6	0	0.422222	3	3	3	0	3	0.699617	0.699617	0	0.948883	0.948883	0	1.26667	1.26667	0	
3	0	3	0	10	0.6	0.130537	0.6	0	0.377778	3	3	3	0	3	0.24725	0.24725	0	0.722822	0.722822	0	1.13333	1.13333	0	
4	0	4	0	10	0.533333	0.180074	0.533333	0	0.391111	5	5	5	0	5	0.426811	0.426811	0	0.542604	0.542604	0	1.95556	1.95556	0	
2	0	2	0	10	0.355556	0.159109	0.355556	0	0.355556	1	1	1	0	1	0.014992	0.014992	0	0.4167	0.4167	0	0.355556	0.355556	0	
4	0	4	0	10	0.777778	0.0906765	0.777778	0	0.344444	4	4	4	0	4	-0.0982008	-0.0982008	0	-0.208243	-0.208243	0	1.37778	1.37778	0	
4	0	4	0	10	0.777778	0.0906765	0.777778	0	0.405556	4	4	4	0	4	0.565548	0.565548	0	0.137067	0.137067	0	1.62222	1.62222	0	
2	0	2	0	10	0.533333	0.0946573	0.533333	0	0.533333	2	2	2	0	2	1.64145	1.64145	0	2.33782	2.33782	0	1.06667	1.06667	0	
4	0	4	0	10	0.777778	0.0906765	0.777778	0	0.322222	4	4	4	0	4	-0.339564	-0.339564	0	-0.347779	-0.347779	0	1.28889	1.28889	0	
5	0	5	0	10	0.844444	0.0795543	0.844444	0	0.222222	19	19	19	0	19	-1.7399	-1.7399	0	1.13778	1.13778	0	4.22222	4.22222	0	
6	0	6	0	10	0.888889	0.0754247	0.888889	0	0.383704	15	15	15	0	15	0.393748	0.393748	0	0.723	0.723	0	5.75556	5.75556	0	
3	0	3	0	10	0.6	0.130537	0.6	0	0.377778	3	3	3	0	3	0.24725	0.24725	0	0.722822	0.722822	0	1.13333	1.13333	0	
4	0	4	0	10	0.777778	0.0906765	0.777778	0	0.351111	5	5	5	0	5	-0.0269373	-0.0269373	0	0.306787	0.306787	0	1.75556	1.75556	0	
3	0	3	0	10	0.377778	0.181279	0.377778	0	0.2	2	2	2	0	2	-1.40085	-1.40085	0	-1.16394	-1.16394	0	0.4	0.4	0	
5	0	5	0	10	0.755556	0.129546	0.755556	0	0.377778	11	11	11	0	11	0.307721	0.307721	0	1.09835	1.09835	0	4.15556	4.15556	0	
2	0	2	0	10	0.2	0.154143	0.2	0	0.2	1	1	1	0	1	-1.11173	-1.11173	0	-0.339314	-0.339314	0	0.2	0.2	0	
5	0	5	0	10	0.866667	0.0713676	0.866667	0	0.485185	12	12	12	0	12	1.68281	1.68281	0	1.97781	1.97781	0	5.82222	5.82222	0	
5	0	5	0	10	0.8	0.100133	0.8	0	0.266667	5	5	5	0	5	-0.984849	-0.984849	0	-1.54678	-1.54678	0	1.33333	1.33333	0	
4	0	4	0	10	0.711111	0.117454	0.711111	0	0.288889	3	3	3	0	3	-0.657484	-0.657484	0	-1.1758	-1.1758	0	0.866667	0.866667	0	
4	0	4	0	10	0.711111	0.117454	0.711111	0	0.286111	8	8	8	0	8	-0.822322	-0.822322	0	0.897377	0.897377	0	2.28889	2.28889	0	
4	0	4	0	10	0.777778	0.0906765	0.777778	0	0.438095	7	7	7	0	7	1.01382	1.01382	0	1.60405	1.60405	0	3.06667	3.06667	0	
4	0	4	0	10	0.711111	0.117454	0.711111	0	0.390476	7	7	7	0	7	0.443234	0.443234	0	1.31745	1.31745	0	2.73333	2.73333	0	
4	0	4	0	10	0.533333	0.180074	0.533333	0	0.2	3	3	3	0	3	-1.56222	-1.56222	0	-1.96374	-1.96374	0	0.6	0.6	0	
3	0	3	0	10	0.644444	0.101237	0.644444	0	0.501587	7	7	7	0	7	1.77461	1.77461	0	3.59881	3.59881	0	3.51111	3.51111	0	
4	0	4	0	10	0.733333	0.119889	0.733333	0	0.434921	7	7	7	0	7	0.975784	0.975784	0	1.58557	1.58557	0	3.04444	3.04444	0	
3	0	3	0	10	0.511111	0.164303	0.511111	0	0.316667	4	4	4	0	4	-0.399905	-0.399905	0	0.948883	0.948883	0	1.26667	1.26667	0	
1	0	1	0	10	0	0	0	0	0	0	0	0	0	0	0	0	0	0	0	0	0	0	0	
4	0	4	0	10	0.644444	0.151819	0.644444	0	0.377778	6	6	6	0	6	0.2843	0.2843	0	0.87495	0.87495	0	2.26667	2.26667	0	
3	0	3	0	10	0.377778	0.181279	0.377778	0	0.2	5	5	5	0	5	-1.7411	-1.7411	0	0.477271	0.477271	0	1	1	0	
3	0	3	0	10	0.644444	0.101237	0.644444	0	0.327778	8	8	8	0	8	-0.313772	-0.313772	0	2.70342	2.70342	0	2.62222	2.62222	0	
5	0	5	0	10	0.8	0.100133	0.8	0	0.377778	6	6	6	0	6	0.2843	0.2843	0	-0.31767	-0.31767	0	2.26667	2.26667	0	
3	0	3	0	10	0.644444	0.101237	0.644444	0	0.294949	11	11	11	0	11	-0.741512	-0.741512	0	3.34314	3.34314	0	3.24444	3.24444	0	
4	0	4	0	10	0.711111	0.117454	0.711111	0	0.366667	4	4	4	0	4	0.143162	0.143162	0	-0.0767804	-0.0767804	0	1.46667	1.46667	0	
4	0	4	0	10	0.533333	0.180074	0.533333	0	0.2	3	3	3	0	3	-1.56222	-1.56222	0	-1.96374	-1.96374	0	0.6	0.6	0	
2	0	2	0	10	0.533333	0.0946573	0.533333	0	0.533333	4	4	4	0	4	1.95339	1.95339	0	4.1923	4.1923	0	2.13333	2.13333	0	
4	0	4	0	10	0.711111	0.117454	0.711111	0	0.416667	4	4	4	0	4	0.686229	0.686229	0	0.194901	0.194901	0	1.66667	1.66667	0	
4	0	4	0	10	0.644444	0.151819	0.644444	0	0.366667	10	10	10	0	10	0.165277	0.165277	0	2.07599	2.07599	0	3.66667	3.66667	0	
2	0	2	0	10	0.533333	0.0946573	0.533333	0	0.533333	1	1	1	0	1	1.30268	1.30268	0	1.02917	1.02917	0	0.533333	0.533333	0	
5	0	5	0	10	0.822222	0.0969307	0.822222	0	0.31746	7	7	7	0	7	-0.431671	-0.431671	0	-0.36263	-0.36263	0	2.22222	2.22222	0	
3	0	3	0	10	0.711111	0.0859974	0.711111	0	0.533333	8	8	8	0	8	2.19508	2.19508	0	4.27551	4.27551	0	4.26667	4.26667	0	
4	0	4	0	10	0.711111	0.117454	0.711111	0	0.45	8	8	8	0	8	1.17798	1.17798	0	2.02587	2.02587	0	3.6	3.6	0	
4	0	4	0	10	0.644444	0.151819	0.644444	0	0.346667	5	5	5	0	5	-0.0773538	-0.0773538	0	0.279264	0.279264	0	1.73333	1.73333	0	
5	0	5	0	10	0.755556	0.129546	0.755556	0	0.426667	5	5	5	0	5	0.830142	0.830142	0	-0.455351	-0.455351	0	2.13333	2.13333	0	
3	0	3	0	10	0.733333	0.0764199	0.733333	0	0.483333	4	4	4	0	4	1.41032	1.41032	0	1.89868	1.89868	0	1.93333	1.93333	0	
1	0	1	0	10	0	0	0	0	0	0	0	0	0	0	0	0	0	0	0	0	0	0	0	
4	0	4	0	10	0.533333	0.180074	0.533333	0	0.2	4	4	4	0	4	-1.66706	-1.66706	0	-1.34464	-1.34464	0	0.8	0.8	0	
5	0	5	0	10	0.8	0.100133	0.8	0	0.241667	8	8	8	0	8	-1.36478	-1.36478	0	-0.679525	-0.679525	0	1.93333	1.93333	0	
6	0	6	0	10	0.866667	0.0850098	0.866667	0	0.424561	19	19	19	0	19	0.942111	0.942111	0	1.56145	1.56145	0	8.06667	8.06667	0	
3	0	3	0	10	0.688889	0.103837	0.688889	0	0.511111	6	6	6	0	6	1.84476	1.84476	0	3.16697	3.16697	0	3.06667	3.06667	0	
3	0	3	0	10	0.644444	0.101237	0.644444	0	0.377778	2	2	2	0	2	0.221711	0.221711	0	-0.0464656	-0.0464656	0	0.755556	0.755556	0	
5	0	5	0	10	0.844444	0.0795543	0.844444	0	0.438889	12	12	12	0	12	1.09125	1.09125	0	1.70566	1.70566	0	5.26667	5.26667	0	
4	0	4	0	10	0.8	0.0758947	0.8	0	0.36	5	5	5	0	5	0.0738955	0.0738955	0	0.360986	0.360986	0	1.8	1.8	0	
3	0	3	0	10	0.511111	0.164303	0.511111	0	0.277778	2	2	2	0	2	-0.69098	-0.69098	0	-0.593814	-0.593814	0	0.555556	0.555556	0	
2	0	2	0	10	0.533333	0.0946573	0.533333	0	0.533333	4	4	4	0	4	1.95339	1.95339	0	4.1923	4.1923	0	2.13333	2.13333	0	
6	0	6	0	10	0.777778	0.137437	0.777778	0	0.256566	11	11	11	0	11	-1.22774	-1.22774	0	-0.963344	-0.963344	0	2.82222	2.82222	0	
6	0	6	0	10	0.844444	0.102935	0.844444	0	0.252778	8	8	8	0	8	-1.22916	-1.22916	0	-1.80346	-1.80346	0	2.02222	2.02222	0	
2	0	2	0	10	0.2	0.154143	0.2	0	0.2	1	1	1	0	1	-1.11173	-1.11173	0	-0.339314	-0.339314	0	0.2	0.2	0	
2	0	2	0	10	0.466667	0.131757	0.466667	0	0.466667	1	1	1	0	1	0.819796	0.819796	0	0.818008	0.818008	0	0.466667	0.466667	0	
4	0	4	0	10	0.533333	0.180074	0.533333	0	0.244444	6	6	6	0	6	-1.27616	-1.27616	0	-0.0767804	-0.0767804	0	1.46667	1.46667	0	
5	0	5	0	10	0.8	0.100133	0.8	0	0.332026	17	17	17	0	17	-0.28229	-0.28229	0	1.89258	1.89258	0	5.64444	5.64444	0	
6	0	6	0	10	0.777778	0.137437	0.777778	0	0.225926	6	6	6	0	6	-1.49289	-1.49289	0	-2.92289	-2.92289	0	1.35556	1.35556	0	
5	0	5	0	10	0.755556	0.129546	0.755556	0	0.419753	9	9	9	0	9	0.82088	0.82088	0	0.865707	0.865707	0	3.77778	3.77778	0	
3	0	3	0	10	0.622222	0.138307	0.622222	0	0.355556	3	3	3	0	3	0.0210669	0.0210669	0	0.602811	0.602811	0	1.06667	1.06667	0	
5	0	5	0	10	0.755556	0.129546	0.755556	0	0.244444	7	7	7	0	7	-1.30658	-1.30658	0	-0.959855	-0.959855	0	1.71111	1.71111	0	
2	0	2	0	10	0.466667	0.131757	0.466667	0	0.466667	2	2	2	0	2	1.03299	1.03299	0	2.05186	2.05186	0	0.933333	0.933333	0	
5	0	5	0	10	0.822222	0.0969307	0.822222	0	0.386667	5	5	5	0	5	0.376394	0.376394	0	-0.679525	-0.679525	0	1.93333	1.93333	0	
3	0	3	0	10	0.377778	0.181279	0.377778	0	0.2	2	2	2	0	2	-1.40085	-1.40085	0	-1.16394	-1.16394	0	0.4	0.4	0	
2	0	2	0	10	0.355556	0.159109	0.355556	0	0.355556	1	1	1	0	1	0.014992	0.014992	0	0.4167	0.4167	0	0.355556	0.355556	0	
7	0	7	0	10	0.911111	0.0773448	0.911111	0	0.316667	8	8	8	0	8	-0.449385	-0.449385	0	-2.53669	-2.53669	0	2.53333	2.53333	0	
3	0	3	0	10	0.688889	0.103837	0.688889	0	0.392593	3	3	3	0	3	0.398039	0.398039	0	0.800101	0.800101	0	1.17778	1.17778	0	
4	0	4	0	10	0.733333	0.119889	0.733333	0	0.348148	6	6	6	0	6	-0.0624684	-0.0624684	0	0.689539	0.689539	0	2.08889	2.08889	0	
6	0	6	0	10	0.844444	0.102935	0.844444	0	0.335556	10	10	10	0	10	-0.22483	-0.22483	0	-0.548629	-0.548629	0	3.35556	3.35556	0	
4	0	4	0	10	0.644444	0.151819	0.644444	0	0.251852	3	3	3	0	3	-1.03446	-1.03446	0	-1.46598	-1.46598	0	0.755556	0.755556	0	
2	0	2	0	10	0.2	0.154143	0.2	0	0.2	1	1	1	0	1	-1.11173	-1.11173	0	-0.339314	-0.339314	0	0.2	0.2	0	
5	0	5	0	10	0.822222	0.0969307	0.822222	0	0.363889	8	8	8	0	8	0.126972	0.126972	0	0.253066	0.253066	0	2.91111	2.91111	0	
4	0	4	0	10	0.8	0.0888444	0.8	0	0.355556	8	8	8	0	8	0.0252623	0.0252623	0	1.4153	1.4153	0	2.84444	2.84444	0	
4	0	4	0	10	0.533333	0.180074	0.533333	0	0.2	3	3	3	0	3	-1.56222	-1.56222	0	-1.96374	-1.96374	0	0.6	0.6	0	
2	0	2	0	10	0.2	0.154143	0.2	0	0.2	1	1	1	0	1	-1.11173	-1.11173	0	-0.339314	-0.339314	0	0.2	0.2	0	
3	0	3	0	10	0.377778	0.181279	0.377778	0	0.2	3	3	3	0	3	-1.56222	-1.56222	0	-0.458608	-0.458608	0	0.6	0.6	0	
4	0	4	0	10	0.8	0.0758947	0.8	0	0.48	5	5	5	0	5	1.43514	1.43514	0	1.00727	1.00727	0	2.4	2.4	0	
6	0	6	0	10	0.844444	0.102935	0.844444	0	0.309804	17	17	17	0	17	-0.574611	-0.574611	0	0.511193	0.511193	0	5.26667	5.26667	0	
4	0	4	0	10	0.644444	0.151819	0.644444	0	0.303704	3	3	3	0	3	-0.506695	-0.506695	0	-1.07085	-1.07085	0	0.911111	0.911111	0	
5	0	5	0	10	0.822222	0.0969307	0.822222	0	0.431746	14	14	14	0	14	1.01398	1.01398	0	2.0821	2.0821	0	6.04444	6.04444	0	
2	0	2	0	10	0.2	0.154143	0.2	0	0.2	1	1	1	0	1	-1.11173	-1.11173	0	-0.339314	-0.339314	0	0.2	0.2	0	
4	0	4	0	10	0.822222	0.0716163	0.822222	0	0.484444	5	5	5	0	5	1.48556	1.48556	0	1.02882	1.02882	0	2.42222	2.42222	0	
6	0	6	0	10	0.888889	0.0754247	0.888889	0	0.298765	9	9	9	0	9	-0.677842	-0.677842	0	-1.08141	-1.08141	0	2.68889	2.68889	0	
4	0	4	0	10	0.644444	0.151819	0.644444	0	0.251852	3	3	3	0	3	-1.03446	-1.03446	0	-1.46598	-1.46598	0	0.755556	0.755556	0	
3	0	3	0	10	0.511111	0.164303	0.511111	0	0.277778	2	2	2	0	2	-0.69098	-0.69098	0	-0.593814	-0.593814	0	0.555556	0.555556	0	
4	0	4	0	10	0.777778	0.0906765	0.777778	0	0.385185	6	6	6	0	6	0.370992	0.370992	0	0.919651	0.919651	0	2.31111	2.31111	0	
3	0	3	0	10	0.688889	0.103837	0.688889	0	0.511111	2	2	2	0	2	1.43863	1.43863	0	0.519781	0.519781	0	1.02222	1.02222	0	
3	0	3	0	10	0.511111	0.164303	0.511111	0	0.383333	4	4	4	0	4	0.324185	0.324185	0	1.35813	1.35813	0	1.53333	1.53333	0	
2	0	2	0	10	0.2	0.154143	0.2	0	0.2	1	1	1	0	1	-1.11173	-1.11173	0	-0.339314	-0.339314	0	0.2	0.2	0	
2	0	2	0	10	0.466667	0.131757	0.466667	0	0.466667	1	1	1	0	1	0.819796	0.819796	0	0.818008	0.818008	0	0.466667	0.466667	0	
6	0	6	0	10	0.888889	0.0754247	0.888889	0	0.368889	5	5	5	0	5	0.174728	0.174728	0	-2.04872	-2.04872	0	1.84444	1.84444	0	
5	0	5	0	10	0.822222	0.0969307	0.822222	0	0.366667	4	4	4	0	4	0.143162	0.143162	0	-1.31974	-1.31974	0	1.46667	1.46667	0	
4	0	4	0	10	0.733333	0.100532	0.733333	0	0.422222	9	9	9	0	9	0.851466	0.851466	0	2.17471	2.17471	0	3.8	3.8	0	
4	0	4	0	10	0.777778	0.0906765	0.777778	0	0.4	3	3	3	0	3	0.473434	0.473434	0	-0.496767	-0.496767	0	1.2	1.2	0	
3	0	3	0	10	0.688889	0.103837	0.688889	0	0.444444	5	5	5	0	5	1.03181	1.03181	0	2.25165	2.25165	0	2.22222	2.22222	0	
3	0	3	0	10	0.6	0.130537	0.6	0	0.333333	2	2	2	0	2	-0.183929	-0.183929	0	-0.27178	-0.27178	0	0.666667	0.666667	0	
4	0	4	0	10	0.644444	0.151819	0.644444	0	0.403175	7	7	7	0	7	0.595391	0.595391	0	1.39593	1.39593	0	2.82222	2.82222	0	
4	0	4	0	10	0.733333	0.100532	0.733333	0	0.342222	5	5	5	0	5	-0.12777	-0.12777	0	0.251449	0.251449	0	1.71111	1.71111	0	
3	0	3	0	10	0.377778	0.181279	0.377778	0	0.277778	2	2	2	0	2	-0.69098	-0.69098	0	-0.593814	-0.593814	0	0.555556	0.555556	0	
6	0	6	0	10	0.777778	0.137437	0.777778	0	0.284444	5	5	5	0	5	-0.783184	-0.783184	0	-2.7808	-2.7808	0	1.42222	1.42222	0	
2	0	2	0	10	0.466667	0.131757	0.466667	0	0.466667	2	2	2	0	2	1.03299	1.03299	0	2.05186	2.05186	0	0.933333	0.933333	0	
2	0	2	0	10	0.2	0.154143	0.2	0	0.2	1	1	1	0	1	-1.11173	-1.11173	0	-0.339314	-0.339314	0	0.2	0.2	0	
5	0	5	0	10	0.822222	0.0969307	0.822222	0	0.333333	7	7	7	0	7	-0.241474	-0.241474	0	-0.251857	-0.251857	0	2.33333	2.33333	0	
4	0	4	0	10	0.711111	0.117454	0.711111	0	0.311111	3	3	3	0	3	-0.4313	-0.4313	0	-1.02041	-1.02041	0	0.933333	0.933333	0	
4	0	4	0	10	0.8	0.0758947	0.8	0	0.36	5	5	5	0	5	0.0738955	0.0738955	0	0.360986	0.360986	0	1.8	1.8	0	
4	0	4	0	10	0.644444	0.151819	0.644444	0	0.316667	8	8	8	0	8	-0.449385	-0.449385	0	1.1346	1.1346	0	2.53333	2.53333	0	
3	0	3	0	10	0.6	0.130537	0.6	0	0.366667	2	2	2	0	2	0.120301	0.120301	0	-0.100592	-0.100592	0	0.733333	0.733333	0	
3	0	3	0	10	0.644444	0.101237	0.644444	0	0.366667	2	2	2	0	2	0.120301	0.120301	0	-0.100592	-0.100592	0	0.733333	0.733333	0	
4	0	4	0	10	0.644444	0.151819	0.644444	0	0.305556	4	4	4	0	4	-0.520586	-0.520586	0	-0.458546	-0.458546	0	1.22222	1.22222	0	
3	0	3	0	10	0.6	0.130537	0.6	0	0.407407	9	9	9	0	9	0.667949	0.667949	0	3.7436	3.7436	0	3.66667	3.66667	0	
2	0	2	0	10	0.533333	0.0946573	0.533333	0	0.533333	1	1	1	0	1	1.30268	1.30268	0	1.02917	1.02917	0	0.533333	0.533333	0	
4	0	4	0	10	0.644444	0.151819	0.644444	0	0.238889	4	4	4	0	4	-1.24468	-1.24468	0	-0.971216	-0.971216	0	0.955556	0.955556	0	
3	0	3	0	10	0.511111	0.164303	0.511111	0	0.277778	2	2	2	0	2	-0.69098	-0.69098	0	-0.593814	-0.593814	0	0.555556	0.555556	0	
4	0	4	0	10	0.711111	0.117454	0.711111	0	0.260606	11	11	11	0	11	-1.17656	-1.17656	0	1.43458	1.43458	0	2.86667	2.86667	0	
3	0	3	0	10	0.377778	0.181279	0.377778	0	0.2	2	2	2	0	2	-1.40085	-1.40085	0	-1.16394	-1.16394	0	0.4	0.4	0	
4	0	4	0	10	0.533333	0.180074	0.533333	0	0.297222	8	8	8	0	8	-0.686709	-0.686709	0	0.98558	0.98558	0	2.37778	2.37778	0	
2	0	2	0	10	0.355556	0.159109	0.355556	0	0.355556	1	1	1	0	1	0.014992	0.014992	0	0.4167	0.4167	0	0.355556	0.355556	0	
4	0	4	0	10	0.733333	0.119889	0.733333	0	0.366667	4	4	4	0	4	0.143162	0.143162	0	-0.0767804	-0.0767804	0	1.46667	1.46667	0	
4	0	4	0	10	0.711111	0.117454	0.711111	0	0.340741	3	3	3	0	3	-0.129722	-0.129722	0	-0.83052	-0.83052	0	1.02222	1.02222	0	
3	0	3	0	10	0.644444	0.101237	0.644444	0	0.377778	2	2	2	0	2	0.221711	0.221711	0	-0.0464656	-0.0464656	0	0.755556	0.755556	0	
7	0	7	0	10	0.911111	0.0773448	0.911111	0	0.345455	11	11	11	0	11	-0.101736	-0.101736	0	-1.41717	-1.41717	0	3.8	3.8	0	
3	0	3	0	10	0.377778	0.181279	0.377778	0	0.2	7	7	7	0	7	-1.83913	-1.83913	0	1.15966	1.15966	0	1.4	1.4	0	
3	0	3	0	10	0.511111	0.164303	0.511111	0	0.277778	2	2	2	0	2	-0.69098	-0.69098	0	-0.593814	-0.593814	0	0.555556	0.555556	0	
4	0	4	0	10	0.777778	0.0906765	0.777778	0	0.426667	10	10	10	0	10	0.917627	0.917627	0	2.50593	2.50593	0	4.26667	4.26667	0	
3	0	3	0	10	0.511111	0.164303	0.511111	0	0.225926	6	6	6	0	6	-1.49289	-1.49289	0	1.0909	1.0909	0	1.35556	1.35556	0	
3	0	3	0	10	0.688889	0.103837	0.688889	0	0.388889	6	6	6	0	6	0.414338	0.414338	0	2.38099	2.38099	0	2.33333	2.33333	0	
5	0	5	0	10	0.822222	0.0969307	0.822222	0	0.426667	5	5	5	0	5	0.830142	0.830142	0	-0.455351	-0.455351	0	2.13333	2.13333	0	
4	0	4	0	10	0.8	0.0758947	0.8	0	0.36	10	10	10	0	10	0.0816831	0.0816831	0	2.02587	2.02587	0	3.6	3.6	0	
4	0	4	0	10	0.533333	0.180074	0.533333	0	0.2	4	4	4	0	4	-1.66706	-1.66706	0	-1.34464	-1.34464	0	0.8	0.8	0	
5	0	5	0	10	0.866667	0.0713676	0.866667	0	0.364444	5	5	5	0	5	0.124312	0.124312	0	-0.815009	-0.815009	0	1.82222	1.82222	0	
3	0	3	0	10	0.622222	0.138307	0.622222	0	0.444444	2	2	2	0	2	0.830172	0.830172	0	0.253363	0.253363	0	0.888889	0.888889	0	
3	0	3	0	10	0.6	0.130537	0.6	0	0.288889	3	3	3	0	3	-0.657484	-0.657484	0	0.206017	0.206017	0	0.866667	0.866667	0	
4	0	4	0	10	0.8	0.0888444	0.8	0	0.355556	8	8	8	0	8	0.0252623	0.0252623	0	1.4153	1.4153	0	2.84444	2.84444	0	
3	0	3	0	10	0.511111	0.164303	0.511111	0	0.277778	2	2	2	0	2	-0.69098	-0.69098	0	-0.593814	-0.593814	0	0.555556	0.555556	0	
1	0	1	0	10	0	0	0	0	0	0	0	0	0	0	0	0	0	0	0	0	0	0	0	
3	0	3	0	10	0.377778	0.181279	0.377778	0	0.2	3	3	3	0	3	-1.56222	-1.56222	0	-0.458608	-0.458608	0	0.6	0.6	0	
4	0	4	0	10	0.644444	0.151819	0.644444	0	0.241667	8	8	8	0	8	-1.36478	-1.36478	0	0.517373	0.517373	0	1.93333	1.93333	0	
4	0	4	0	10	0.733333	0.100532	0.733333	0	0.45	4	4	4	0	4	1.04827	1.04827	0	0.360986	0.360986	0	1.8	1.8	0	
5	0	5	0	10	0.755556	0.129546	0.755556	0	0.281481	6	6	6	0	6	-0.842697	-0.842697	0	-0.990079	-0.990079	0	1.68889	1.68889	0	
3	0	3	0	10	0.622222	0.138307	0.622222	0	0.355556	3	3	3	0	3	0.0210669	0.0210669	0	0.602811	0.602811	0	1.06667	1.06667	0	
3	0	3	0	10	0.377778	0.181279	0.377778	0	0.2	2	2	2	0	2	-1.40085	-1.40085	0	-1.16394	-1.16394	0	0.4	0.4	0	
3	0	3	0	10	0.377778	0.181279	0.377778	0	0.2	3	3	3	0	3	-1.56222	-1.56222	0	-0.458608	-0.458608	0	0.6	0.6	0	
5	0	5	0	10	0.844444	0.0795543	0.844444	0	0.345679	9	9	9	0	9	-0.0967053	-0.0967053	0	0.406729	0.406729	0	3.11111	3.11111	0	
4	0	4	0	10	0.733333	0.119889	0.733333	0	0.324444	5	5	5	0	5	-0.329436	-0.329436	0	0.137067	0.137067	0	1.62222	1.62222	0	
4	0	4	0	10	0.733333	0.100532	0.733333	0	0.492593	6	6	6	0	6	1.62803	1.62803	0	1.51078	1.51078	0	2.95556	2.95556	0	
3	0	3	0	10	0.377778	0.181279	0.377778	0	0.244444	7	7	7	0	7	-1.30658	-1.30658	0	1.60724	1.60724	0	1.71111	1.71111	0	
3	0	3	0	10	0.644444	0.101237	0.644444	0	0.544444	2	2	2	0	2	1.74286	1.74286	0	0.643393	0.643393	0	1.08889	1.08889	0	
3	0	3	0	10	0.711111	0.0859974	0.711111	0	0.488889	4	4	4	0	4	1.47066	1.47066	0	1.92679	1.92679	0	1.95556	1.95556	0	
4	0	4	0	10	0.644444	0.151819	0.644444	0	0.251852	3	3	3	0	3	-1.03446	-1.03446	0	-1.46598	-1.46598	0	0.755556	0.755556	0	
2	0	2	0	10	0.466667	0.131757	0.466667	0	0.466667	1	1	1	0	1	0.819796	0.819796	0	0.818008	0.818008	0	0.466667	0.466667	0	
2	0	2	0	10	0.355556	0.159109	0.355556	0	0.355556	2	2	2	0	2	0.0188908	0.0188908	0	1.52347	1.52347	0	0.711111	0.711111	0	
2	0	2	0	10	0.2	0.154143	0.2	0	0.2	2	2	2	0	2	-1.40085	-1.40085	0	0.586219	0.586219	0	0.4	0.4	0	
3	0	3	0	10	0.6	0.130537	0.6	0	0.253333	5	5	5	0	5	-1.1361	-1.1361	0	0.948883	0.948883	0	1.26667	1.26667	0	
4	0	4	0	10	0.644444	0.151819	0.644444	0	0.266667	4	4	4	0	4	-0.942971	-0.942971	0	-0.741892	-0.741892	0	1.06667	1.06667	0	
4	0	4	0	10	0.733333	0.100532	0.733333	0	0.366667	4	4	4	0	4	0.143162	0.143162	0	-0.0767804	-0.0767804	0	1.46667	1.46667	0	
4	0	4	0	10	0.8	0.0758947	0.8	0	0.5	4	4	4	0	4	1.59134	1.59134	0	0.592409	0.592409	0	2	2	0	
3	0	3	0	10	0.644444	0.101237	0.644444	0	0.492593	6	6	6	0	6	1.62803	1.62803	0	3.05434	3.05434	0	2.95556	2.95556	0	
6	0	6	0	10	0.911111	0.0620394	0.911111	0	0.407407	6	6	6	0	6	0.631068	0.631068	0	-1.3174	-1.3174	0	2.44444	2.44444	0	
3	0	3	0	10	0.6	0.130537	0.6	0	0.4	4	4	4	0	4	0.505207	0.505207	0	1.45344	1.45344	0	1.6	1.6	0	
3	0	3	0	10	0.377778	0.181279	0.377778	0	0.303704	3	3	3	0	3	-0.506695	-0.506695	0	0.299793	0.299793	0	0.911111	0.911111	0	
6	0	6	0	10	0.888889	0.0754247	0.888889	0	0.337037	6	6	6	0	6	-0.192506	-0.192506	0	-1.80346	-1.80346	0	2.02222	2.02222	0	
3	0	3	0	10	0.6	0.130537	0.6	0	0.4	3	3	3	0	3	0.473434	0.473434	0	0.83799	0.83799	0	1.2	1.2	0	
5	0	5	0	10	0.755556	0.129546	0.755556	0	0.472727	11	11	11	0	11	1.5105	1.5105	0	1.67179	1.67179	0	5.2	5.2	0	
3	0	3	0	10	0.511111	0.164303	0.511111	0	0.277778	2	2	2	0	2	-0.69098	-0.69098	0	-0.593814	-0.593814	0	0.555556	0.555556	0	
4	0	4	0	10	0.644444	0.151819	0.644444	0	0.222222	7	7	7	0	7	-1.57285	-1.57285	0	0.0477161	0.0477161	0	1.55556	1.55556	0	
2	0	2	0	10	0.355556	0.159109	0.355556	0	0.355556	1	1	1	0	1	0.014992	0.014992	0	0.4167	0.4167	0	0.355556	0.355556	0	
5	0	5	0	10	0.8	0.100133	0.8	0	0.283333	4	4	4	0	4	-0.761949	-0.761949	0	-1.94393	-1.94393	0	1.13333	1.13333	0	
4	0	4	0	10	0.711111	0.117454	0.711111	0	0.283333	4	4	4	0	4	-0.761949	-0.761949	0	-0.615736	-0.615736	0	1.13333	1.13333	0	
3	0	3	0	10	0.644444	0.101237	0.644444	0	0.537037	6	6	6	0	6	2.14818	2.14818	0	3.32138	3.32138	0	3.22222	3.22222	0	
5	0	5	0	10	0.666667	0.163299	0.666667	0	0.307407	6	6	6	0	6	-0.539275	-0.539275	0	-0.787208	-0.787208	0	1.84444	1.84444	0	
4	0	4	0	10	0.711111	0.117454	0.711111	0	0.355556	4	4	4	0	4	0.0224807	0.0224807	0	-0.141577	-0.141577	0	1.42222	1.42222	0	
5	0	5	0	10	0.755556	0.129546	0.755556	0	0.355556	4	4	4	0	4	0.0224807	0.0224807	0	-1.39262	-1.39262	0	1.42222	1.42222	0	
4	0	4	0	10	0.733333	0.119889	0.733333	0	0.364444	5	5	5	0	5	0.124312	0.124312	0	0.387679	0.387679	0	1.82222	1.82222	0	
5	0	5	0	10	0.844444	0.0795543	0.844444	0	0.372222	4	4	4	0	4	0.203503	0.203503	0	-1.28426	-1.28426	0	1.48889	1.48889	0	
2	0	2	0	10	0.533333	0.0946573	0.533333	0	0.533333	1	1	1	0	1	1.30268	1.30268	0	1.02917	1.02917	0	0.533333	0.533333	0	
4	0	4	0	10	0.533333	0.180074	0.533333	0	0.266667	4	4	4	0	4	-0.942971	-0.942971	0	-0.741892	-0.741892	0	1.06667	1.06667	0	
2	0	2	0	10	0.2	0.154143	0.2	0	0.2	2	2	2	0	2	-1.40085	-1.40085	0	0.586219	0.586219	0	0.4	0.4	0	
2	0	2	0	10	0.2	0.154143	0.2	0	0.2	2	2	2	0	2	-1.40085	-1.40085	0	0.586219	0.586219	0	0.4	0.4	0	
3	0	3	0	10	0.377778	0.181279	0.377778	0	0.2	2	2	2	0	2	-1.40085	-1.40085	0	-1.16394	-1.16394	0	0.4	0.4	0	
3	0	3	0	10	0.711111	0.0859974	0.711111	0	0.444444	2	2	2	0	2	0.830172	0.830172	0	0.253363	0.253363	0	0.888889	0.888889	0	
5	0	5	0	10	0.755556	0.129546	0.755556	0	0.231111	5	5	5	0	5	-1.38818	-1.38818	0	-1.89575	-1.89575	0	1.15556	1.15556	0	
5	0	5	0	10	0.755556	0.129546	0.755556	0	0.231111	5	5	5	0	5	-1.38818	-1.38818	0	-1.89575	-1.89575	0	1.15556	1.15556	0	
4	0	4	0	10	0.644444	0.151819	0.644444	0	0.447222	8	8	8	0	8	1.14407	1.14407	0	2.00905	2.00905	0	3.57778	3.57778	0	
4	0	4	0	10	0.733333	0.100532	0.733333	0	0.311111	3	3	3	0	3	-0.4313	-0.4313	0	-1.02041	-1.02041	0	0.933333	0.933333	0	
4	0	4	0	10	0.533333	0.180074	0.533333	0	0.305556	4	4	4	0	4	-0.520586	-0.520586	0	-0.458546	-0.458546	0	1.22222	1.22222	0	
3	0	3	0	10	0.377778	0.181279	0.377778	0	0.277778	2	2	2	0	2	-0.69098	-0.69098	0	-0.593814	-0.593814	0	0.555556	0.555556	0	
2	0	2	0	10	0.355556	0.159109	0.355556	0	0.355556	1	1	1	0	1	0.014992	0.014992	0	0.4167	0.4167	0	0.355556	0.355556	0	
3	0	3	0	10	0.511111	0.164303	0.511111	0	0.32963	6	6	6	0	6	-0.279198	-0.279198	0	1.95473	1.95473	0	1.97778	1.97778	0	
2	0	2	0	10	0.466667	0.131757	0.466667	0	0.466667	4	4	4	0	4	1.2293	1.2293	0	3.7793	3.7793	0	1.86667	1.86667	0	
