K_1	Ksd_1	mean_K	sd_K	tot_K	H_1	Hsd_1	mean_H	sd_H	tot_H	S_1	prS_1	mean_S	sd_S	tot_S	D_1	mean_D	sd_D	FS_1	mean_FS	sd_FS	Pi_1	mean_Pi	sd_Pi	
3	0	3	0	10	0.6	0.130537	0.6	0	0.416667	4	4	4	0	4	0.686229	0.686229	0	1.54644	1.54644	0	1.66667	1.66667	0	
5	0	5	0	10	0.844444	0.0795543	0.844444	0	0.412698	7	7	7	0	7	0.709509	0.709509	0	0.235427	0.235427	0	2.88889	2.88889	0	
4	0	4	0	10	0.777778	0.0906765	0.777778	0	0.281481	6	6	6	0	6	-0.842697	-0.842697	0	0.223331	0.223331	0	1.68889	1.68889	0	
3	0	3	0	10	0.6	0.130537	0.6	0	0.428571	7	7	7	0	7	0.899706	0.899706	0	3.09964	3.09964	0	3	3	0	
5	0	5	0	10	0.755556	0.129546	0.755556	0	0.262222	5	5	5	0	5	-1.03527	-1.03527	0	-1.58724	-1.58724	0	1.31111	1.31111	0	
4	0	4	0	10	0.711111	0.117454	0.711111	0	0.311111	3	3	3	0	3	-0.4313	-0.4313	0	-1.02041	-1.02041	0	0.933333	0.933333	0	
3	0	3	0	10	0.6	0.130537	0.6	0	0.4	4	4	4	0	4	0.505207	0.505207	0	1.45344	1.45344	0	1.6	1.6	0	
4	0	4	0	10	0.777778	0.0906765	0.777778	0	0.362963	3	3	3	0	3	0.0964614	0.0964614	0	-0.698978	-0.698978	0	1.08889	1.08889	0	
6	0	6	0	10	0.844444	0.102935	0.844444	0	0.231111	5	5	5	0	5	-1.38818	-1.38818	0	-3.4118	-3.4118	0	1.15556	1.15556	0	
4	0	4	0	10	0.733333	0.119889	0.733333	0	0.486869	11	11	11	0	11	1.68964	1.68964	0	3.2098	3.2098	0	5.35556	5.35556	0	
4	0	4	0	10	0.733333	0.119889	0.733333	0	0.340741	3	3	3	0	3	-0.129722	-0.129722	0	-0.83052	-0.83052	0	1.02222	1.02222	0	
2	0	2	0	10	0.533333	0.0946573	0.533333	0	0.533333	5	5	5	0	5	2.04014	2.04014	0	4.95148	4.95148	0	2.66667	2.66667	0	
3	0	3	0	10	0.622222	0.138307	0.622222	0	0.355556	4	4	4	0	4	0.0224807	0.0224807	0	1.19353	1.19353	0	1.42222	1.42222	0	
4	0	4	0	10	0.644444	0.151819	0.644444	0	0.340741	3	3	3	0	3	-0.129722	-0.129722	0	-0.83052	-0.83052	0	1.02222	1.02222	0	
4	0	4	0	10	0.644444	0.151819	0.644444	0	0.238889	4	4	4	0	4	-1.24468	-1.24468	0	-0.971216	-0.971216	0	0.955556	0.955556	0	
7	0	7	0	10	0.911111	0.0773448	0.911111	0	0.262963	12	12	12	0	12	-1.15667	-1.15667	0	-1.91013	-1.91013	0	3.15556	3.15556	0	
5	0	5	0	10	0.844444	0.0795543	0.844444	0	0.44127	7	7	7	0	7	1.05186	1.05186	0	0.390084	0.390084	0	3.08889	3.08889	0	
6	0	6	0	10	0.888889	0.0754247	0.888889	0	0.374815	15	15	15	0	15	0.277923	0.277923	0	0.666823	0.666823	0	5.62222	5.62222	0	
3	0	3	0	10	0.377778	0.181279	0.377778	0	0.2	2	2	2	0	2	-1.40085	-1.40085	0	-1.16394	-1.16394	0	0.4	0.4	0	
1	0	1	0	10	0	0	0	0	0	0	0	0	0	0	0	0	0	0	0	0	0	0	0	
3	0	3	0	10	0.511111	0.164303	0.511111	0	0.277778	2	2	2	0	2	-0.69098	-0.69098	0	-0.593814	-0.593814	0	0.555556	0.555556	0	
2	0	2	0	10	0.355556	0.159109	0.355556	0	0.355556	1	1	1	0	1	0.014992	0.014992	0	0.4167	0.4167	0	0.355556	0.355556	0	
3	0	3	0	10	0.688889	0.103837	0.688889	0	0.455556	2	2	2	0	2	0.931582	0.931582	0	0.299793	0.299793	0	0.911111	0.911111	0	
4	0	4	0	10	0.733333	0.119889	0.733333	0	0.344444	4	4	4	0	4	-0.0982008	-0.0982008	0	-0.208243	-0.208243	0	1.37778	1.37778	0	
6	0	6	0	10	0.866667	0.0850098	0.866667	0	0.37284	9	9	9	0	9	0.239742	0.239742	0	-0.548629	-0.548629	0	3.35556	3.35556	0	
4	0	4	0	10	0.777778	0.0906765	0.777778	0	0.397037	15	15	15	0	15	0.567485	0.567485	0	3.56526	3.56526	0	5.95556	5.95556	0	
5	0	5	0	10	0.755556	0.129546	0.755556	0	0.319444	8	8	8	0	8	-0.415482	-0.415482	0	-0.0450542	-0.0450542	0	2.55556	2.55556	0	
2	0	2	0	10	0.2	0.154143	0.2	0	0.2	1	1	1	0	1	-1.11173	-1.11173	0	-0.339314	-0.339314	0	0.2	0.2	0	
3	0	3	0	10	0.511111	0.164303	0.511111	0	0.277778	4	4	4	0	4	-0.82229	-0.82229	0	0.683388	0.683388	0	1.11111	1.11111	0	
5	0	5	0	10	0.844444	0.0795543	0.844444	0	0.375556	10	10	10	0	10	0.276737	0.276737	0	0.851486	0.851486	0	3.75556	3.75556	0	
6	0	6	0	10	0.866667	0.0850098	0.866667	0	0.4	11	11	11	0	11	0.589222	0.589222	0	0.0878456	0.0878456	0	4.4	4.4	0	
3	0	3	0	10	0.644444	0.101237	0.644444	0	0.496296	6	6	6	0	6	1.67137	1.67137	0	3.07703	3.07703	0	2.97778	2.97778	0	
5	0	5	0	10	0.822222	0.0969307	0.822222	0	0.373333	5	5	5	0	5	0.225145	0.225145	0	-0.759769	-0.759769	0	1.86667	1.86667	0	
4	0	4	0	10	0.644444	0.151819	0.644444	0	0.359259	6	6	6	0	6	0.0675697	0.0675697	0	0.760374	0.760374	0	2.15556	2.15556	0	
6	0	6	0	10	0.844444	0.102935	0.844444	0	0.319444	8	8	8	0	8	-0.415482	-0.415482	0	-1.20673	-1.20673	0	2.55556	2.55556	0	
5	0	5	0	10	0.666667	0.163299	0.666667	0	0.38	10	10	10	0	10	0.332466	0.332466	0	0.879863	0.879863	0	3.8	3.8	0	
6	0	6	0	10	0.844444	0.102935	0.844444	0	0.430769	13	13	13	0	13	0.994874	0.994874	0	0.65735	0.65735	0	5.6	5.6	0	
4	0	4	0	10	0.533333	0.180074	0.533333	0	0.212963	12	12	12	0	12	-1.79555	-1.79555	0	1.15537	1.15537	0	2.55556	2.55556	0	
2	0	2	0	10	0.2	0.154143	0.2	0	0.2	2	2	2	0	2	-1.40085	-1.40085	0	0.586219	0.586219	0	0.4	0.4	0	
6	0	6	0	10	0.888889	0.0754247	0.888889	0	0.407407	9	9	9	0	9	0.667949	0.667949	0	-0.33946	-0.33946	0	3.66667	3.66667	0	
5	0	5	0	10	0.8	0.100133	0.8	0	0.259259	6	6	6	0	6	-1.10277	-1.10277	0	-1.18141	-1.18141	0	1.55556	1.55556	0	
4	0	4	0	10	0.644444	0.151819	0.644444	0	0.436111	8	8	8	0	8	1.00846	1.00846	0	1.94116	1.94116	0	3.48889	3.48889	0	
6	0	6	0	10	0.911111	0.0620394	0.911111	0	0.411111	8	8	8	0	8	0.70333	0.70333	0	-0.596215	-0.596215	0	3.28889	3.28889	0	
5	0	5	0	10	0.844444	0.0795543	0.844444	0	0.418182	11	11	11	0	11	0.819542	0.819542	0	1.35322	1.35322	0	4.6	4.6	0	
4	0	4	0	10	0.777778	0.0906765	0.777778	0	0.322222	4	4	4	0	4	-0.339564	-0.339564	0	-0.347779	-0.347779	0	1.28889	1.28889	0	
1	0	1	0	10	0	0	0	0	0	0	0	0	0	0	0	0	0	0	0	0	0	0	0	
5	0	5	0	10	0.666667	0.163299	0.666667	0	0.32	5	5	5	0	5	-0.379852	-0.379852	0	-1.11562	-1.11562	0	1.6	1.6	0	
6	0	6	0	10	0.866667	0.0850098	0.866667	0	0.355556	8	8	8	0	8	0.0252623	0.0252623	0	-0.94431	-0.94431	0	2.84444	2.84444	0	
4	0	4	0	10	0.733333	0.100532	0.733333	0	0.311111	6	6	6	0	6	-0.495928	-0.495928	0	0.44029	0.44029	0	1.86667	1.86667	0	
6	0	6	0	10	0.844444	0.102935	0.844444	0	0.439506	9	9	9	0	9	1.06557	1.06557	0	-0.161516	-0.161516	0	3.95556	3.95556	0	
6	0	6	0	10	0.844444	0.102935	0.844444	0	0.296296	6	6	6	0	6	-0.669313	-0.669313	0	-2.14876	-2.14876	0	1.77778	1.77778	0	
3	0	3	0	10	0.377778	0.181279	0.377778	0	0.2	6	6	6	0	6	-1.79631	-1.79631	0	0.83799	0.83799	0	1.2	1.2	0	
5	0	5	0	10	0.822222	0.0969307	0.822222	0	0.466667	13	13	13	0	13	1.45698	1.45698	0	2.0924	2.0924	0	6.06667	6.06667	0	
3	0	3	0	10	0.511111	0.164303	0.511111	0	0.277778	2	2	2	0	2	-0.69098	-0.69098	0	-0.593814	-0.593814	0	0.555556	0.555556	0	
5	0	5	0	10	0.844444	0.0795543	0.844444	0	0.373333	5	5	5	0	5	0.225145	0.225145	0	-0.759769	-0.759769	0	1.86667	1.86667	0	
4	0	4	0	10	0.777778	0.0906765	0.777778	0	0.361111	4	4	4	0	4	0.0828215	0.0828215	0	-0.108954	-0.108954	0	1.44444	1.44444	0	
4	0	4	0	10	0.644444	0.151819	0.644444	0	0.260317	7	7	7	0	7	-1.11638	-1.11638	0	0.387679	0.387679	0	1.82222	1.82222	0	
3	0	3	0	10	0.6	0.130537	0.6	0	0.45	4	4	4	0	4	1.04827	1.04827	0	1.72621	1.72621	0	1.8	1.8	0	
5	0	5	0	10	0.666667	0.163299	0.666667	0	0.303704	12	12	12	0	12	-0.636097	-0.636097	0	0.779398	0.779398	0	3.64444	3.64444	0	
2	0	2	0	10	0.533333	0.0946573	0.533333	0	0.533333	2	2	2	0	2	1.64145	1.64145	0	2.33782	2.33782	0	1.06667	1.06667	0	
6	0	6	0	10	0.844444	0.102935	0.844444	0	0.258333	8	8	8	0	8	-1.16136	-1.16136	0	-1.74647	-1.74647	0	2.06667	2.06667	0	
3	0	3	0	10	0.6	0.130537	0.6	0	0.244444	6	6	6	0	6	-1.27616	-1.27616	0	1.26028	1.26028	0	1.46667	1.46667	0	
4	0	4	0	10	0.644444	0.151819	0.644444	0	0.32963	6	6	6	0	6	-0.279198	-0.279198	0	0.567615	0.567615	0	1.97778	1.97778	0	
6	0	6	0	10	0.777778	0.137437	0.777778	0	0.39596	11	11	11	0	11	0.53804	0.53804	0	0.064063	0.064063	0	4.35556	4.35556	0	
3	0	3	0	10	0.733333	0.0764199	0.733333	0	0.5	4	4	4	0	4	1.59134	1.59134	0	1.98249	1.98249	0	2	2	0	
4	0	4	0	10	0.711111	0.117454	0.711111	0	0.452381	14	14	14	0	14	1.28134	1.28134	0	3.77932	3.77932	0	6.33333	6.33333	0	
7	0	7	0	10	0.866667	0.107207	0.866667	0	0.291228	19	19	19	0	19	-0.825228	-0.825228	0	-0.496003	-0.496003	0	5.53333	5.53333	0	
3	0	3	0	10	0.6	0.130537	0.6	0	0.4	4	4	4	0	4	0.505207	0.505207	0	1.45344	1.45344	0	1.6	1.6	0	
3	0	3	0	10	0.733333	0.0764199	0.733333	0	0.5	2	2	2	0	2	1.33722	1.33722	0	0.477271	0.477271	0	1	1	0	
4	0	4	0	10	0.8	0.0888444	0.8	0	0.414815	3	3	3	0	3	0.624223	0.624223	0	-0.420993	-0.420993	0	1.24444	1.24444	0	
5	0	5	0	10	0.755556	0.129546	0.755556	0	0.377778	6	6	6	0	6	0.2843	0.2843	0	-0.31767	-0.31767	0	2.26667	2.26667	0	
3	0	3	0	10	0.6	0.130537	0.6	0	0.366667	2	2	2	0	2	0.120301	0.120301	0	-0.100592	-0.100592	0	0.733333	0.733333	0	
5	0	5	0	10	0.822222	0.0969307	0.822222	0	0.394444	4	4	4	0	4	0.444866	0.444866	0	-1.14825	-1.14825	0	1.57778	1.57778	0	
6	0	6	0	10	0.866667	0.0850098	0.866667	0	0.333333	10	10	10	0	10	-0.252695	-0.252695	0	-0.564373	-0.564373	0	3.33333	3.33333	0	
6	0	6	0	10	0.844444	0.102935	0.844444	0	0.244444	7	7	7	0	7	-1.30658	-1.30658	0	-2.25384	-2.25384	0	1.71111	1.71111	0	
5	0	5	0	10	0.8	0.100133	0.8	0	0.461728	9	9	9	0	9	1.34084	1.34084	0	1.09835	1.09835	0	4.15556	4.15556	0	
3	0	3	0	10	0.511111	0.164303	0.511111	0	0.32963	6	6	6	0	6	-0.279198	-0.279198	0	1.95473	1.95473	0	1.97778	1.97778	0	
2	0	2	0	10	0.355556	0.159109	0.355556	0	0.355556	1	1	1	0	1	0.014992	0.014992	0	0.4167	0.4167	0	0.355556	0.355556	0	
7	0	7	0	10	0.911111	0.0773448	0.911111	0	0.335802	9	9	9	0	9	-0.21905	-0.21905	0	-2.02927	-2.02927	0	3.02222	3.02222	0	
4	0	4	0	10	0.777778	0.0906765	0.777778	0	0.311111	8	8	8	0	8	-0.517192	-0.517192	0	1.09267	1.09267	0	2.48889	2.48889	0	
5	0	5	0	10	0.8	0.100133	0.8	0	0.439506	9	9	9	0	9	1.06557	1.06557	0	0.977245	0.977245	0	3.95556	3.95556	0	
7	0	7	0	10	0.866667	0.107207	0.866667	0	0.32381	14	14	14	0	14	-0.384502	-0.384502	0	-0.974377	-0.974377	0	4.53333	4.53333	0	
3	0	3	0	10	0.622222	0.138307	0.622222	0	0.507937	7	7	7	0	7	1.85069	1.85069	0	3.64049	3.64049	0	3.55556	3.55556	0	
2	0	2	0	10	0.2	0.154143	0.2	0	0.2	5	5	5	0	5	-1.7411	-1.7411	0	2.19722	2.19722	0	1	1	0	
3	0	3	0	10	0.377778	0.181279	0.377778	0	0.2	3	3	3	0	3	-1.56222	-1.56222	0	-0.458608	-0.458608	0	0.6	0.6	0	
4	0	4	0	10	0.777778	0.0906765	0.777778	0	0.460317	7	7	7	0	7	1.2801	1.2801	0	1.73126	1.73126	0	3.22222	3.22222	0	
1	0	1	0	10	0	0	0	0	0	0	0	0	0	0	0	0	0	0	0	0	0	0	0	
4	0	4	0	10	0.777778	0.0906765	0.777778	0	0.441667	8	8	8	0	8	1.07627	1.07627	0	1.97522	1.97522	0	3.53333	3.53333	0	
5	0	5	0	10	0.8	0.100133	0.8	0	0.4	8	8	8	0	8	0.567716	0.567716	0	0.472317	0.472317	0	3.2	3.2	0	
6	0	6	0	10	0.888889	0.0754247	0.888889	0	0.32	5	5	5	0	5	-0.379852	-0.379852	0	-2.44153	-2.44153	0	1.6	1.6	0	
4	0	4	0	10	0.644444	0.151819	0.644444	0	0.238889	4	4	4	0	4	-1.24468	-1.24468	0	-0.971216	-0.971216	0	0.955556	0.955556	0	
8	0	8	0	10	0.933333	0.0772873	0.933333	0	0.215556	10	10	10	0	10	-1.72953	-1.72953	0	-4.77824	-4.77824	0	2.15556	2.15556	0	
5	0	5	0	10	0.8	0.100133	0.8	0	0.4	14	14	14	0	14	0.602665	0.602665	0	1.87101	1.87101	0	5.6	5.6	0	
6	0	6	0	10	0.844444	0.102935	0.844444	0	0.246914	9	9	9	0	9	-1.32015	-1.32015	0	-1.55869	-1.55869	0	2.22222	2.22222	0	
4	0	4	0	10	0.533333	0.180074	0.533333	0	0.319444	8	8	8	0	8	-0.415482	-0.415482	0	1.15537	1.15537	0	2.55556	2.55556	0	
2	0	2	0	10	0.533333	0.0946573	0.533333	0	0.533333	2	2	2	0	2	1.64145	1.64145	0	2.33782	2.33782	0	1.06667	1.06667	0	
3	0	3	0	10	0.688889	0.103837	0.688889	0	0.547475	11	11	11	0	11	2.45737	2.45737	0	5.64152	5.64152	0	6.02222	6.02222	0	
4	0	4	0	10	0.533333	0.180074	0.533333	0	0.2	6	6	6	0	6	-1.79631	-1.79631	0	-0.496767	-0.496767	0	1.2	1.2	0	
2	0	2	0	10	0.533333	0.0946573	0.533333	0	0.533333	5	5	5	0	5	2.04014	2.04014	0	4.95148	4.95148	0	2.66667	2.66667	0	
3	0	3	0	10	0.644444	0.101237	0.644444	0	0.311111	3	3	3	0	3	-0.4313	-0.4313	0	0.345355	0.345355	0	0.933333	0.933333	0	
4	0	4	0	10	0.777778	0.0906765	0.777778	0	0.438384	11	11	11	0	11	1.07545	1.07545	0	2.87565	2.87565	0	4.82222	4.82222	0	
3	0	3	0	10	0.733333	0.0764199	0.733333	0	0.475	8	8	8	0	8	1.48311	1.48311	0	3.86532	3.86532	0	3.8	3.8	0	
4	0	4	0	10	0.711111	0.117454	0.711111	0	0.340741	3	3	3	0	3	-0.129722	-0.129722	0	-0.83052	-0.83052	0	1.02222	1.02222	0	
4	0	4	0	10	0.711111	0.117454	0.711111	0	0.444444	5	5	5	0	5	1.03181	1.03181	0	0.829618	0.829618	0	2.22222	2.22222	0	
6	0	6	0	10	0.866667	0.0850098	0.866667	0	0.324444	5	5	5	0	5	-0.329436	-0.329436	0	-2.40264	-2.40264	0	1.62222	1.62222	0	
4	0	4	0	10	0.711111	0.117454	0.711111	0	0.220513	13	13	13	0	13	-1.71177	-1.71177	0	1.43458	1.43458	0	2.86667	2.86667	0	
6	0	6	0	10	0.777778	0.137437	0.777778	0	0.222222	7	7	7	0	7	-1.57285	-1.57285	0	-2.5215	-2.5215	0	1.55556	1.55556	0	
3	0	3	0	10	0.377778	0.181279	0.377778	0	0.2	4	4	4	0	4	-1.66706	-1.66706	0	0.0579335	0.0579335	0	0.8	0.8	0	
3	0	3	0	10	0.644444	0.101237	0.644444	0	0.45	4	4	4	0	4	1.04827	1.04827	0	1.72621	1.72621	0	1.8	1.8	0	
4	0	4	0	10	0.533333	0.180074	0.533333	0	0.303704	6	6	6	0	6	-0.582621	-0.582621	0	0.387679	0.387679	0	1.82222	1.82222	0	
4	0	4	0	10	0.733333	0.119889	0.733333	0	0.42963	6	6	6	0	6	0.891144	0.891144	0	1.17603	1.17603	0	2.57778	2.57778	0	
4	0	4	0	10	0.711111	0.117454	0.711111	0	0.266667	4	4	4	0	4	-0.942971	-0.942971	0	-0.741892	-0.741892	0	1.06667	1.06667	0	
4	0	4	0	10	0.733333	0.119889	0.733333	0	0.372222	4	4	4	0	4	0.203503	0.203503	0	-0.0450416	-0.0450416	0	1.48889	1.48889	0	
3	0	3	0	10	0.711111	0.0859974	0.711111	0	0.444444	2	2	2	0	2	0.830172	0.830172	0	0.253363	0.253363	0	0.888889	0.888889	0	
3	0	3	0	10	0.6	0.130537	0.6	0	0.377778	3	3	3	0	3	0.24725	0.24725	0	0.722822	0.722822	0	1.13333	1.13333	0	
6	0	6	0	10	0.844444	0.102935	0.844444	0	0.329293	11	11	11	0	11	-0.306464	-0.306464	0	-0.368142	-0.368142	0	3.62222	3.62222	0	
4	0	4	0	10	0.533333	0.180074	0.533333	0	0.305556	4	4	4	0	4	-0.520586	-0.520586	0	-0.458546	-0.458546	0	1.22222	1.22222	0	
5	0	5	0	10	0.666667	0.163299	0.666667	0	0.27037	6	6	6	0	6	-0.972735	-0.972735	0	-1.08351	-1.08351	0	1.62222	1.62222	0	
4	0	4	0	10	0.711111	0.117454	0.711111	0	0.318519	3	3	3	0	3	-0.355906	-0.355906	0	-0.971216	-0.971216	0	0.955556	0.955556	0	
6	0	6	0	10	0.888889	0.0754247	0.888889	0	0.244444	7	7	7	0	7	-1.30658	-1.30658	0	-2.25384	-2.25384	0	1.71111	1.71111	0	
5	0	5	0	10	0.755556	0.129546	0.755556	0	0.322222	4	4	4	0	4	-0.339564	-0.339564	0	-1.62852	-1.62852	0	1.28889	1.28889	0	
3	0	3	0	10	0.511111	0.164303	0.511111	0	0.322222	6	6	6	0	6	-0.36589	-0.36589	0	1.89868	1.89868	0	1.93333	1.93333	0	
3	0	3	0	10	0.622222	0.138307	0.622222	0	0.414815	3	3	3	0	3	0.624223	0.624223	0	0.912362	0.912362	0	1.24444	1.24444	0	
3	0	3	0	10	0.6	0.130537	0.6	0	0.373333	5	5	5	0	5	0.225145	0.225145	0	1.81329	1.81329	0	1.86667	1.86667	0	
4	0	4	0	10	0.644444	0.151819	0.644444	0	0.275	8	8	8	0	8	-0.957936	-0.957936	0	0.806707	0.806707	0	2.2	2.2	0	
3	0	3	0	10	0.511111	0.164303	0.511111	0	0.277778	2	2	2	0	2	-0.69098	-0.69098	0	-0.593814	-0.593814	0	0.555556	0.555556	0	
4	0	4	0	10	0.733333	0.119889	0.733333	0	0.435556	5	5	5	0	5	0.930975	0.930975	0	0.783627	0.783627	0	2.17778	2.17778	0	
5	0	5	0	10	0.666667	0.163299	0.666667	0	0.403704	12	12	12	0	12	0.641667	0.641667	0	1.48618	1.48618	0	4.84444	4.84444	0	
3	0	3	0	10	0.511111	0.164303	0.511111	0	0.411111	2	2	2	0	2	0.525941	0.525941	0	0.108362	0.108362	0	0.822222	0.822222	0	
3	0	3	0	10	0.377778	0.181279	0.377778	0	0.277778	2	2	2	0	2	-0.69098	-0.69098	0	-0.593814	-0.593814	0	0.555556	0.555556	0	
4	0	4	0	10	0.711111	0.117454	0.711111	0	0.42963	9	9	9	0	9	0.943224	0.943224	0	2.22334	2.22334	0	3.86667	3.86667	0	
5	0	5	0	10	0.844444	0.0795543	0.844444	0	0.451389	16	16	16	0	16	1.28212	1.28212	0	2.59927	2.59927	0	7.22222	7.22222	0	
4	0	4	0	10	0.733333	0.100532	0.733333	0	0.408889	10	10	10	0	10	0.694709	0.694709	0	2.38221	2.38221	0	4.08889	4.08889	0	
2	0	2	0	10	0.2	0.154143	0.2	0	0.2	2	2	2	0	2	-1.40085	-1.40085	0	0.586219	0.586219	0	0.4	0.4	0	
6	0	6	0	10	0.911111	0.0620394	0.911111	0	0.389899	11	11	11	0	11	0.461267	0.461267	0	0.0279395	0.0279395	0	4.28889	4.28889	0	
3	0	3	0	10	0.6	0.130537	0.6	0	0.476923	13	13	13	0	13	1.58902	1.58902	0	5.76705	5.76705	0	6.2	6.2	0	
4	0	4	0	10	0.733333	0.100532	0.733333	0	0.448148	6	6	6	0	6	1.10787	1.10787	0	1.27759	1.27759	0	2.68889	2.68889	0	
5	0	5	0	10	0.866667	0.0713676	0.866667	0	0.447222	8	8	8	0	8	1.14407	1.14407	0	0.73532	0.73532	0	3.57778	3.57778	0	
5	0	5	0	10	0.822222	0.0969307	0.822222	0	0.293333	5	5	5	0	5	-0.682351	-0.682351	0	-1.31974	-1.31974	0	1.46667	1.46667	0	
3	0	3	0	10	0.6	0.130537	0.6	0	0.366667	2	2	2	0	2	0.120301	0.120301	0	-0.100592	-0.100592	0	0.733333	0.733333	0	
3	0	3	0	10	0.6	0.130537	0.6	0	0.491667	8	8	8	0	8	1.68653	1.68653	0	3.98495	3.98495	0	3.93333	3.93333	0	
3	0	3	0	10	0.511111	0.164303	0.511111	0	0.277778	2	2	2	0	2	-0.69098	-0.69098	0	-0.593814	-0.593814	0	0.555556	0.555556	0	
4	0	4	0	10	0.733333	0.100532	0.733333	0	0.45	8	8	8	0	8	1.17798	1.17798	0	2.02587	2.02587	0	3.6	3.6	0	
3	0	3	0	10	0.511111	0.164303	0.511111	0	0.419444	8	8	8	0	8	0.80504	0.80504	0	3.45087	3.45087	0	3.35556	3.35556	0	
5	0	5	0	10	0.844444	0.0795543	0.844444	0	0.32381	7	7	7	0	7	-0.355592	-0.355592	0	-0.31767	-0.31767	0	2.26667	2.26667	0	
8	0	8	0	10	0.933333	0.0772873	0.933333	0	0.288889	12	12	12	0	12	-0.825396	-0.825396	0	-3.07443	-3.07443	0	3.46667	3.46667	0	
4	0	4	0	10	0.711111	0.117454	0.711111	0	0.363889	8	8	8	0	8	0.126972	0.126972	0	1.47286	1.47286	0	2.91111	2.91111	0	
7	0	7	0	10	0.933333	0.0619677	0.933333	0	0.295556	10	10	10	0	10	-0.726396	-0.726396	0	-2.09156	-2.09156	0	2.95556	2.95556	0	
4	0	4	0	10	0.644444	0.151819	0.644444	0	0.3	6	6	6	0	6	-0.625967	-0.625967	0	0.360986	0.360986	0	1.8	1.8	0	
4	0	4	0	10	0.711111	0.117454	0.711111	0	0.407407	3	3	3	0	3	0.548828	0.548828	0	-0.458546	-0.458546	0	1.22222	1.22222	0	
5	0	5	0	10	0.755556	0.129546	0.755556	0	0.441975	9	9	9	0	9	1.09616	1.09616	0	0.990922	0.990922	0	3.97778	3.97778	0	
3	0	3	0	10	0.511111	0.164303	0.511111	0	0.333333	2	2	2	0	2	-0.183929	-0.183929	0	-0.27178	-0.27178	0	0.666667	0.666667	0	
2	0	2	0	10	0.533333	0.0946573	0.533333	0	0.533333	4	4	4	0	4	1.95339	1.95339	0	4.1923	4.1923	0	2.13333	2.13333	0	
5	0	5	0	10	0.755556	0.129546	0.755556	0	0.337778	5	5	5	0	5	-0.178187	-0.178187	0	-0.990079	-0.990079	0	1.68889	1.68889	0	
6	0	6	0	10	0.866667	0.0850098	0.866667	0	0.386667	5	5	5	0	5	0.376394	0.376394	0	-1.92244	-1.92244	0	1.93333	1.93333	0	
5	0	5	0	10	0.8	0.100133	0.8	0	0.390123	9	9	9	0	9	0.453846	0.453846	0	0.690592	0.690592	0	3.51111	3.51111	0	
5	0	5	0	10	0.822222	0.0969307	0.822222	0	0.355556	5	5	5	0	5	0.0234791	0.0234791	0	-0.871744	-0.871744	0	1.77778	1.77778	0	
5	0	5	0	10	0.666667	0.163299	0.666667	0	0.238889	4	4	4	0	4	-1.24468	-1.24468	0	-2.37682	-2.37682	0	0.955556	0.955556	0	
6	0	6	0	10	0.888889	0.0754247	0.888889	0	0.345455	11	11	11	0	11	-0.101736	-0.101736	0	-0.255575	-0.255575	0	3.8	3.8	0	
3	0	3	0	10	0.711111	0.0859974	0.711111	0	0.391111	5	5	5	0	5	0.426811	0.426811	0	1.92679	1.92679	0	1.95556	1.95556	0	
5	0	5	0	10	0.844444	0.0795543	0.844444	0	0.382222	10	10	10	0	10	0.360331	0.360331	0	0.893957	0.893957	0	3.82222	3.82222	0	
4	0	4	0	10	0.644444	0.151819	0.644444	0	0.259259	18	18	18	0	18	-1.24447	-1.24447	0	2.77453	2.77453	0	4.66667	4.66667	0	
4	0	4	0	10	0.733333	0.100532	0.733333	0	0.318519	3	3	3	0	3	-0.355906	-0.355906	0	-0.971216	-0.971216	0	0.955556	0.955556	0	
5	0	5	0	10	0.866667	0.0713676	0.866667	0	0.391358	18	18	18	0	18	0.500189	0.500189	0	2.52462	2.52462	0	7.04444	7.04444	0	
3	0	3	0	10	0.688889	0.103837	0.688889	0	0.392593	3	3	3	0	3	0.398039	0.398039	0	0.800101	0.800101	0	1.17778	1.17778	0	
5	0	5	0	10	0.666667	0.163299	0.666667	0	0.314815	6	6	6	0	6	-0.452582	-0.452582	0	-0.732682	-0.732682	0	1.88889	1.88889	0	
3	0	3	0	10	0.622222	0.138307	0.622222	0	0.444444	4	4	4	0	4	0.987933	0.987933	0	1.69679	1.69679	0	1.77778	1.77778	0	
6	0	6	0	10	0.777778	0.137437	0.777778	0	0.262222	5	5	5	0	5	-1.03527	-1.03527	0	-3.02288	-3.02288	0	1.31111	1.31111	0	
5	0	5	0	10	0.8	0.100133	0.8	0	0.247619	7	7	7	0	7	-1.26854	-1.26854	0	-0.930067	-0.930067	0	1.73333	1.73333	0	
4	0	4	0	10	0.8	0.0758947	0.8	0	0.306667	5	5	5	0	5	-0.531102	-0.531102	0	0.0171927	0.0171927	0	1.53333	1.53333	0	
5	0	5	0	10	0.844444	0.0795543	0.844444	0	0.463248	13	13	13	0	13	1.41297	1.41297	0	2.07178	2.07178	0	6.02222	6.02222	0	
5	0	5	0	10	0.755556	0.129546	0.755556	0	0.262222	5	5	5	0	5	-1.03527	-1.03527	0	-1.58724	-1.58724	0	1.31111	1.31111	0	
3	0	3	0	10	0.377778	0.181279	0.377778	0	0.324444	5	5	5	0	5	-0.329436	-0.329436	0	1.48469	1.48469	0	1.62222	1.62222	0	
1	0	1	0	10	0	0	0	0	0	0	0	0	0	0	0	0	0	0	0	0	0	0	0	
4	0	4	0	10	0.644444	0.151819	0.644444	0	0.377778	6	6	6	0	6	0.2843	0.2843	0	0.87495	0.87495	0	2.26667	2.26667	0	
4	0	4	0	10	0.733333	0.100532	0.733333	0	0.427778	8	8	8	0	8	0.90675	0.90675	0	1.88958	1.88958	0	3.42222	3.42222	0	
3	0	3	0	10	0.377778	0.181279	0.377778	0	0.2	2	2	2	0	2	-1.40085	-1.40085	0	-1.16394	-1.16394	0	0.4	0.4	0	
2	0	2	0	10	0.2	0.154143	0.2	0	0.2	1	1	1	0	1	-1.11173	-1.11173	0	-0.339314	-0.339314	0	0.2	0.2	0	
5	0	5	0	10	0.8	0.100133	0.8	0	0.380952	7	7	7	0	7	0.329116	0.329116	0	0.0519969	0.0519969	0	2.66667	2.66667	0	
4	0	4	0	10	0.644444	0.151819	0.644444	0	0.288889	3	3	3	0	3	-0.657484	-0.657484	0	-1.1758	-1.1758	0	0.866667	0.866667	0	
3	0	3	0	10	0.733333	0.0764199	0.733333	0	0.52	5	5	5	0	5	1.88889	1.88889	0	2.67927	2.67927	0	2.6	2.6	0	
2	0	2	0	10	0.2	0.154143	0.2	0	0.2	3	3	3	0	3	-1.56222	-1.56222	0	1.22453	1.22453	0	0.6	0.6	0	
3	0	3	0	10	0.377778	0.181279	0.377778	0	0.2	3	3	3	0	3	-1.56222	-1.56222	0	-0.458608	-0.458608	0	0.6	0.6	0	
5	0	5	0	10	0.844444	0.0795543	0.844444	0	0.28254	7	7	7	0	7	-0.850104	-0.850104	0	-0.627661	-0.627661	0	1.97778	1.97778	0	
1	0	1	0	10	0	0	0	0	0	0	0	0	0	0	0	0	0	0	0	0	0	0	0	
6	0	6	0	10	0.844444	0.102935	0.844444	0	0.27037	6	6	6	0	6	-0.972735	-0.972735	0	-2.40264	-2.40264	0	1.62222	1.62222	0	
5	0	5	0	10	0.755556	0.129546	0.755556	0	0.359259	6	6	6	0	6	0.0675697	0.0675697	0	-0.431806	-0.431806	0	2.15556	2.15556	0	
5	0	5	0	10	0.8	0.100133	0.8	0	0.266667	5	5	5	0	5	-0.984849	-0.984849	0	-1.54678	-1.54678	0	1.33333	1.33333	0	
4	0	4	0	10	0.733333	0.100532	0.733333	0	0.322222	4	4	4	0	4	-0.339564	-0.339564	0	-0.347779	-0.347779	0	1.28889	1.28889	0	
4	0	4	0	10	0.733333	0.100532	0.733333	0	0.380556	8	8	8	0	8	0.330393	0.330393	0	1.58557	1.58557	0	3.04444	3.04444	0	
4	0	4	0	10	0.8	0.0888444	0.8	0	0.497778	5	5	5	0	5	1.6368	1.6368	0	1.09267	1.09267	0	2.48889	2.48889	0	
2	0	2	0	10	0.2	0.154143	0.2	0	0.2	1	1	1	0	1	-1.11173	-1.11173	0	-0.339314	-0.339314	0	0.2	0.2	0	
3	0	3	0	10	0.6	0.130537	0.6	0	0.366667	2	2	2	0	2	0.120301	0.120301	0	-0.100592	-0.100592	0	0.733333	0.733333	0	
4	0	4	0	10	0.733333	0.119889	0.733333	0	0.394444	4	4	4	0	4	0.444866	0.444866	0	0.0778615	0.0778615	0	1.57778	1.57778	0	
5	0	5	0	10	0.822222	0.0969307	0.822222	0	0.391111	5	5	5	0	5	0.426811	0.426811	0	-0.653436	-0.653436	0	1.95556	1.95556	0	
4	0	4	0	10	0.733333	0.100532	0.733333	0	0.342222	5	5	5	0	5	-0.12777	-0.12777	0	0.251449	0.251449	0	1.71111	1.71111	0	
5	0	5	0	10	0.844444	0.0795543	0.844444	0	0.344444	6	6	6	0	6	-0.105814	-0.105814	0	-0.527536	-0.527536	0	2.06667	2.06667	0	
3	0	3	0	10	0.644444	0.101237	0.644444	0	0.366667	2	2	2	0	2	0.120301	0.120301	0	-0.100592	-0.100592	0	0.733333	0.733333	0	
4	0	4	0	10	0.8	0.0758947	0.8	0	0.377778	6	6	6	0	6	0.2843	0.2843	0	0.87495	0.87495	0	2.26667	2.26667	0	
5	0	5	0	10	0.844444	0.0795543	0.844444	0	0.375556	10	10	10	0	10	0.276737	0.276737	0	0.851486	0.851486	0	3.75556	3.75556	0	
4	0	4	0	10	0.711111	0.117454	0.711111	0	0.488889	7	7	7	0	7	1.62245	1.62245	0	1.88958	1.88958	0	3.42222	3.42222	0	
3	0	3	0	10	0.511111	0.164303	0.511111	0	0.340741	3	3	3	0	3	-0.129722	-0.129722	0	0.519781	0.519781	0	1.02222	1.02222	0	
4	0	4	0	10	0.777778	0.0906765	0.777778	0	0.433333	4	4	4	0	4	0.867251	0.867251	0	0.279264	0.279264	0	1.73333	1.73333	0	
5	0	5	0	10	0.844444	0.0795543	0.844444	0	0.430556	8	8	8	0	8	0.940654	0.940654	0	0.645182	0.645182	0	3.44444	3.44444	0	
1	0	1	0	10	0	0	0	0	0	0	0	0	0	0	0	0	0	0	0	0	0	0	0	
5	0	5	0	10	0.8	0.100133	0.8	0	0.283333	4	4	4	0	4	-0.761949	-0.761949	0	-1.94393	-1.94393	0	1.13333	1.13333	0	
5	0	5	0	10	0.822222	0.0969307	0.822222	0	0.427778	8	8	8	0	8	0.90675	0.90675	0	0.629889	0.629889	0	3.42222	3.42222	0	
5	0	5	0	10	0.755556	0.129546	0.755556	0	0.262222	5	5	5	0	5	-1.03527	-1.03527	0	-1.58724	-1.58724	0	1.31111	1.31111	0	
3	0	3	0	10	0.644444	0.101237	0.644444	0	0.437037	3	3	3	0	3	0.850406	0.850406	0	1.02067	1.02067	0	1.31111	1.31111	0	
5	0	5	0	10	0.866667	0.0713676	0.866667	0	0.477778	4	4	4	0	4	1.34998	1.34998	0	-0.705937	-0.705937	0	1.91111	1.91111	0	
3	0	3	0	10	0.688889	0.103837	0.688889	0	0.367901	9	9	9	0	9	0.17857	0.17857	0	3.40799	3.40799	0	3.31111	3.31111	0	
4	0	4	0	10	0.733333	0.100532	0.733333	0	0.36	5	5	5	0	5	0.0738955	0.0738955	0	0.360986	0.360986	0	1.8	1.8	0	
4	0	4	0	10	0.822222	0.0716163	0.822222	0	0.413333	5	5	5	0	5	0.678893	0.678893	0	0.665554	0.665554	0	2.06667	2.06667	0	
4	0	4	0	10	0.8	0.0758947	0.8	0	0.466667	7	7	7	0	7	1.35618	1.35618	0	1.76693	1.76693	0	3.26667	3.26667	0	
5	0	5	0	10	0.666667	0.163299	0.666667	0	0.283333	4	4	4	0	4	-0.761949	-0.761949	0	-1.94393	-1.94393	0	1.13333	1.13333	0	
5	0	5	0	10	0.755556	0.129546	0.755556	0	0.368889	5	5	5	0	5	0.174728	0.174728	0	-0.787208	-0.787208	0	1.84444	1.84444	0	
2	0	2	0	10	0.2	0.154143	0.2	0	0.2	2	2	2	0	2	-1.40085	-1.40085	0	0.586219	0.586219	0	0.4	0.4	0	
3	0	3	0	10	0.377778	0.181279	0.377778	0	0.2	2	2	2	0	2	-1.40085	-1.40085	0	-1.16394	-1.16394	0	0.4	0.4	0	
4	0	4	0	10	0.8	0.0758947	0.8	0	0.47619	7	7	7	0	7	1.4703	1.4703	0	1.81991	1.81991	0	3.33333	3.33333	0	
3	0	3	0	10	0.511111	0.164303	0.511111	0	0.316667	4	4	4	0	4	-0.399905	-0.399905	0	0.948883	0.948883	0	1.26667	1.26667	0	
4	0	4	0	10	0.822222	0.0716163	0.822222	0	0.529293	11	11	11	0	11	2.22705	2.22705	0	3.48798	3.48798	0	5.82222	5.82222	0	
7	0	7	0	10	0.911111	0.0773448	0.911111	0	0.340741	9	9	9	0	9	-0.157878	-0.157878	0	-1.98877	-1.98877	0	3.06667	3.06667	0	
3	0	3	0	10	0.6	0.130537	0.6	0	0.4	4	4	4	0	4	0.505207	0.505207	0	1.45344	1.45344	0	1.6	1.6	0	
7	0	7	0	10	0.933333	0.0619677	0.933333	0	0.374269	19	19	19	0	19	0.275483	0.275483	0	0.086715	0.086715	0	7.11111	7.11111	0	
5	0	5	0	10	0.844444	0.0795543	0.844444	0	0.474603	14	14	14	0	14	1.56927	1.56927	0	2.35247	2.35247	0	6.64444	6.64444	0	
6	0	6	0	10	0.888889	0.0754247	0.888889	0	0.347222	8	8	8	0	8	-0.0764479	-0.0764479	0	-1.00195	-1.00195	0	2.77778	2.77778	0	
6	0	6	0	10	0.888889	0.0754247	0.888889	0	0.297778	5	5	5	0	5	-0.631934	-0.631934	0	-2.64729	-2.64729	0	1.48889	1.48889	0	
5	0	5	0	10	0.844444	0.0795543	0.844444	0	0.311111	8	8	8	0	8	-0.517192	-0.517192	0	-0.105213	-0.105213	0	2.48889	2.48889	0	
5	0	5	0	10	0.8	0.100133	0.8	0	0.24	15	15	15	0	15	-1.47875	-1.47875	0	0.750084	0.750084	0	3.6	3.6	0	
2	0	2	0	10	0.2	0.154143	0.2	0	0.2	1	1	1	0	1	-1.11173	-1.11173	0	-0.339314	-0.339314	0	0.2	0.2	0	
5	0	5	0	10	0.755556	0.129546	0.755556	0	0.273016	7	7	7	0	7	-0.964222	-0.964222	0	-0.705937	-0.705937	0	1.91111	1.91111	0	
6	0	6	0	10	0.888889	0.0754247	0.888889	0	0.416667	8	8	8	0	8	0.771137	0.771137	0	-0.564373	-0.564373	0	3.33333	3.33333	0	
4	0	4	0	10	0.777778	0.0906765	0.777778	0	0.444444	4	4	4	0	4	0.987933	0.987933	0	0.334025	0.334025	0	1.77778	1.77778	0	
3	0	3	0	10	0.511111	0.164303	0.511111	0	0.333333	4	4	4	0	4	-0.218882	-0.218882	0	1.05597	1.05597	0	1.33333	1.33333	0	
5	0	5	0	10	0.822222	0.0969307	0.822222	0	0.411111	6	6	6	0	6	0.674414	0.674414	0	-0.125609	-0.125609	0	2.46667	2.46667	0	
1	0	1	0	10	0	0	0	0	0	0	0	0	0	0	0	0	0	0	0	0	0	0	0	
6	0	6	0	10	0.844444	0.102935	0.844444	0	0.335043	13	13	13	0	13	-0.237418	-0.237418	0	0.064063	0.064063	0	4.35556	4.35556	0	
3	0	3	0	10	0.377778	0.181279	0.377778	0	0.2	2	2	2	0	2	-1.40085	-1.40085	0	-1.16394	-1.16394	0	0.4	0.4	0	
2	0	2	0	10	0.355556	0.159109	0.355556	0	0.355556	3	3	3	0	3	0.0210669	0.0210669	0	2.33782	2.33782	0	1.06667	1.06667	0	
4	0	4	0	10	0.777778	0.0906765	0.777778	0	0.455556	4	4	4	0	4	1.10861	1.10861	0	0.387679	0.387679	0	1.82222	1.82222	0	
3	0	3	0	10	0.6	0.130537	0.6	0	0.253333	5	5	5	0	5	-1.1361	-1.1361	0	0.948883	0.948883	0	1.26667	1.26667	0	
4	0	4	0	10	0.733333	0.119889	0.733333	0	0.437037	9	9	9	0	9	1.03498	1.03498	0	2.27152	2.27152	0	3.93333	3.93333	0	
5	0	5	0	10	0.755556	0.129546	0.755556	0	0.27619	7	7	7	0	7	-0.926182	-0.926182	0	-0.679525	-0.679525	0	1.93333	1.93333	0	
5	0	5	0	10	0.666667	0.163299	0.666667	0	0.352381	7	7	7	0	7	-0.0132383	-0.0132383	0	-0.125609	-0.125609	0	2.46667	2.46667	0	
3	0	3	0	10	0.377778	0.181279	0.377778	0	0.2	3	3	3	0	3	-1.56222	-1.56222	0	-0.458608	-0.458608	0	0.6	0.6	0	
6	0	6	0	10	0.888889	0.0754247	0.888889	0	0.28254	7	7	7	0	7	-0.850104	-0.850104	0	-1.86209	-1.86209	0	1.97778	1.97778	0	
3	0	3	0	10	0.622222	0.138307	0.622222	0	0.355556	2	2	2	0	2	0.0188908	0.0188908	0	-0.156119	-0.156119	0	0.711111	0.711111	0	
3	0	3	0	10	0.688889	0.103837	0.688889	0	0.435556	5	5	5	0	5	0.930975	0.930975	0	2.19898	2.19898	0	2.17778	2.17778	0	
4	0	4	0	10	0.777778	0.0906765	0.777778	0	0.448889	10	10	10	0	10	1.19628	1.19628	0	2.65674	2.65674	0	4.48889	4.48889	0	
3	0	3	0	10	0.644444	0.101237	0.644444	0	0.288889	4	4	4	0	4	-0.701608	-0.701608	0	0.761719	0.761719	0	1.15556	1.15556	0	
2	0	2	0	10	0.466667	0.131757	0.466667	0	0.466667	8	8	8	0	8	1.3814	1.3814	0	6.27254	6.27254	0	3.73333	3.73333	0	
6	0	6	0	10	0.844444	0.102935	0.844444	0	0.298413	7	7	7	0	7	-0.659907	-0.659907	0	-1.71856	-1.71856	0	2.08889	2.08889	0	
4	0	4	0	10	0.711111	0.117454	0.711111	0	0.426667	5	5	5	0	5	0.830142	0.830142	0	0.736945	0.736945	0	2.13333	2.13333	0	
5	0	5	0	10	0.822222	0.0969307	0.822222	0	0.366667	4	4	4	0	4	0.143162	0.143162	0	-1.31974	-1.31974	0	1.46667	1.46667	0	
3	0	3	0	10	0.511111	0.164303	0.511111	0	0.244444	6	6	6	0	6	-1.27616	-1.27616	0	1.26028	1.26028	0	1.46667	1.46667	0	
5	0	5	0	10	0.844444	0.0795543	0.844444	0	0.368889	5	5	5	0	5	0.174728	0.174728	0	-0.787208	-0.787208	0	1.84444	1.84444	0	
6	0	6	0	10	0.866667	0.0850098	0.866667	0	0.346032	7	7	7	0	7	-0.0893169	-0.0893169	0	-1.34027	-1.34027	0	2.42222	2.42222	0	
3	0	3	0	10	0.6	0.130537	0.6	0	0.366667	2	2	2	0	2	0.120301	0.120301	0	-0.100592	-0.100592	0	0.733333	0.733333	0	
7	0	7	0	10	0.911111	0.0773448	0.911111	0	0.251852	9	9	9	0	9	-1.25898	-1.25898	0	-2.87486	-2.87486	0	2.26667	2.26667	0	
4	0	4	0	10	0.733333	0.119889	0.733333	0	0.426667	10	10	10	0	10	0.917627	0.917627	0	2.50593	2.50593	0	4.26667	4.26667	0	
3	0	3	0	10	0.688889	0.103837	0.688889	0	0.440741	6	6	6	0	6	1.02118	1.02118	0	2.72748	2.72748	0	2.64444	2.64444	0	
2	0	2	0	10	0.355556	0.159109	0.355556	0	0.355556	1	1	1	0	1	0.014992	0.014992	0	0.4167	0.4167	0	0.355556	0.355556	0	
2	0	2	0	10	0.466667	0.131757	0.466667	0	0.466667	2	2	2	0	2	1.03299	1.03299	0	2.05186	2.05186	0	0.933333	0.933333	0	
5	0	5	0	10	0.8	0.100133	0.8	0	0.288889	4	4	4	0	4	-0.701608	-0.701608	0	-1.89575	-1.89575	0	1.15556	1.15556	0	
4	0	4	0	10	0.711111	0.117454	0.711111	0	0.311111	3	3	3	0	3	-0.4313	-0.4313	0	-1.02041	-1.02041	0	0.933333	0.933333	0	
5	0	5	0	10	0.755556	0.129546	0.755556	0	0.382716	9	9	9	0	9	0.362087	0.362087	0	0.645182	0.645182	0	3.44444	3.44444	0	
5	0	5	0	10	0.844444	0.0795543	0.844444	0	0.27037	6	6	6	0	6	-0.972735	-0.972735	0	-1.08351	-1.08351	0	1.62222	1.62222	0	
4	0	4	0	10	0.822222	0.0716163	0.822222	0	0.450794	7	7	7	0	7	1.16598	1.16598	0	1.67721	1.67721	0	3.15556	3.15556	0	
3	0	3	0	10	0.688889	0.103837	0.688889	0	0.448148	6	6	6	0	6	1.10787	1.10787	0	2.77528	2.77528	0	2.68889	2.68889	0	
2	0	2	0	10	0.2	0.154143	0.2	0	0.2	1	1	1	0	1	-1.11173	-1.11173	0	-0.339314	-0.339314	0	0.2	0.2	0	
2	0	2	0	10	0.533333	0.0946573	0.533333	0	0.533333	3	3	3	0	3	1.83053	1.83053	0	3.33815	3.33815	0	1.6	1.6	0	
2	0	2	0	10	0.466667	0.131757	0.466667	0	0.466667	3	3	3	0	3	1.15198	1.15198	0	2.98462	2.98462	0	1.4	1.4	0	
2	0	2	0	10	0.555556	0.0745356	0.555556	0	0.555556	3	3	3	0	3	2.05672	2.05672	0	3.45142	3.45142	0	1.66667	1.66667	0	
5	0	5	0	10	0.888889	0.0596285	0.888889	0	0.426667	5	5	5	0	5	0.830142	0.830142	0	-0.455351	-0.455351	0	2.13333	2.13333	0	
5	0	5	0	10	0.755556	0.129546	0.755556	0	0.37037	6	6	6	0	6	0.197608	0.197608	0	-0.36263	-0.36263	0	2.22222	2.22222	0	
4	0	4	0	10	0.711111	0.117454	0.711111	0	0.311111	3	3	3	0	3	-0.4313	-0.4313	0	-1.02041	-1.02041	0	0.933333	0.933333	0	
3	0	3	0	10	0.711111	0.0859974	0.711111	0	0.488889	8	8	8	0	8	1.65262	1.65262	0	3.96515	3.96515	0	3.91111	3.91111	0	
6	0	6	0	10	0.888889	0.0754247	0.888889	0	0.374603	7	7	7	0	7	0.253037	0.253037	0	-1.14311	-1.14311	0	2.62222	2.62222	0	
3	0	3	0	10	0.511111	0.164303	0.511111	0	0.251852	3	3	3	0	3	-1.03446	-1.03446	0	-0.0464656	-0.0464656	0	0.755556	0.755556	0	
5	0	5	0	10	0.8	0.100133	0.8	0	0.338889	8	8	8	0	8	-0.178158	-0.178158	0	0.0897681	0.0897681	0	2.71111	2.71111	0	
4	0	4	0	10	0.777778	0.0906765	0.777778	0	0.372222	4	4	4	0	4	0.203503	0.203503	0	-0.0450416	-0.0450416	0	1.48889	1.48889	0	
6	0	6	0	10	0.888889	0.0754247	0.888889	0	0.386667	15	15	15	0	15	0.432356	0.432356	0	0.74148	0.74148	0	5.8	5.8	0	
5	0	5	0	10	0.755556	0.129546	0.755556	0	0.277778	4	4	4	0	4	-0.82229	-0.82229	0	-1.99329	-1.99329	0	1.11111	1.11111	0	
5	0	5	0	10	0.822222	0.0969307	0.822222	0	0.403704	6	6	6	0	6	0.587722	0.587722	0	-0.166937	-0.166937	0	2.42222	2.42222	0	
4	0	4	0	10	0.711111	0.117454	0.711111	0	0.30719	17	17	17	0	17	-0.609001	-0.609001	0	3.12798	3.12798	0	5.22222	5.22222	0	
5	0	5	0	10	0.8	0.100133	0.8	0	0.31358	9	9	9	0	9	-0.494325	-0.494325	0	0.181776	0.181776	0	2.82222	2.82222	0	
4	0	4	0	10	0.777778	0.0906765	0.777778	0	0.340741	3	3	3	0	3	-0.129722	-0.129722	0	-0.83052	-0.83052	0	1.02222	1.02222	0	
4	0	4	0	10	0.711111	0.117454	0.711111	0	0.266667	9	9	9	0	9	-1.07546	-1.07546	0	1.00727	1.00727	0	2.4	2.4	0	
5	0	5	0	10	0.8	0.100133	0.8	0	0.406667	10	10	10	0	10	0.666844	0.666844	0	1.04507	1.04507	0	4.06667	4.06667	0	
6	0	6	0	10	0.911111	0.0620394	0.911111	0	0.408333	8	8	8	0	8	0.669427	0.669427	0	-0.612316	-0.612316	0	3.26667	3.26667	0	
1	0	1	0	10	0	0	0	0	0	0	0	0	0	0	0	0	0	0	0	0	0	0	0	
6	0	6	0	10	0.777778	0.137437	0.777778	0	0.275	8	8	8	0	8	-0.957936	-0.957936	0	-1.58448	-1.58448	0	2.2	2.2	0	
3	0	3	0	10	0.644444	0.101237	0.644444	0	0.4	5	5	5	0	5	0.527643	0.527643	0	1.98249	1.98249	0	2	2	0	
6	0	6	0	10	0.888889	0.0754247	0.888889	0	0.340171	13	13	13	0	13	-0.171402	-0.171402	0	0.0996492	0.0996492	0	4.42222	4.42222	0	
5	0	5	0	10	0.755556	0.129546	0.755556	0	0.219444	8	8	8	0	8	-1.636	-1.636	0	-0.900701	-0.900701	0	1.75556	1.75556	0	
3	0	3	0	10	0.622222	0.138307	0.622222	0	0.355556	2	2	2	0	2	0.0188908	0.0188908	0	-0.156119	-0.156119	0	0.711111	0.711111	0	
7	0	7	0	10	0.911111	0.0773448	0.911111	0	0.39596	11	11	11	0	11	0.53804	0.53804	0	-1.07293	-1.07293	0	4.35556	4.35556	0	
3	0	3	0	10	0.711111	0.0859974	0.711111	0	0.474074	3	3	3	0	3	1.22738	1.22738	0	1.19353	1.19353	0	1.42222	1.42222	0	
5	0	5	0	10	0.822222	0.0969307	0.822222	0	0.392593	6	6	6	0	6	0.457684	0.457684	0	-0.230334	-0.230334	0	2.35556	2.35556	0	
5	0	5	0	10	0.755556	0.129546	0.755556	0	0.322222	4	4	4	0	4	-0.339564	-0.339564	0	-1.62852	-1.62852	0	1.28889	1.28889	0	
4	0	4	0	10	0.533333	0.180074	0.533333	0	0.251852	3	3	3	0	3	-1.03446	-1.03446	0	-1.46598	-1.46598	0	0.755556	0.755556	0	
1	0	1	0	10	0	0	0	0	0	0	0	0	0	0	0	0	0	0	0	0	0	0	0	
3	0	3	0	10	0.511111	0.164303	0.511111	0	0.266667	8	8	8	0	8	-1.05965	-1.05965	0	2.14576	2.14576	0	2.13333	2.13333	0	
6	0	6	0	10	0.866667	0.0850098	0.866667	0	0.338889	8	8	8	0	8	-0.178158	-0.178158	0	-1.06126	-1.06126	0	2.71111	2.71111	0	
2	0	2	0	10	0.2	0.154143	0.2	0	0.2	2	2	2	0	2	-1.40085	-1.40085	0	0.586219	0.586219	0	0.4	0.4	0	
4	0	4	0	10	0.733333	0.100532	0.733333	0	0.311111	3	3	3	0	3	-0.4313	-0.4313	0	-1.02041	-1.02041	0	0.933333	0.933333	0	
4	0	4	0	10	0.711111	0.117454	0.711111	0	0.437607	13	13	13	0	13	1.0829	1.0829	0	3.40975	3.40975	0	5.68889	5.68889	0	
6	0	6	0	10	0.888889	0.0754247	0.888889	0	0.338889	8	8	8	0	8	-0.178158	-0.178158	0	-1.06126	-1.06126	0	2.71111	2.71111	0	
4	0	4	0	10	0.733333	0.119889	0.733333	0	0.277778	4	4	4	0	4	-0.82229	-0.82229	0	-0.65694	-0.65694	0	1.11111	1.11111	0	
4	0	4	0	10	0.777778	0.0906765	0.777778	0	0.460317	7	7	7	0	7	1.2801	1.2801	0	1.73126	1.73126	0	3.22222	3.22222	0	
4	0	4	0	10	0.711111	0.117454	0.711111	0	0.377778	6	6	6	0	6	0.2843	0.2843	0	0.87495	0.87495	0	2.26667	2.26667	0	
3	0	3	0	10	0.511111	0.164303	0.511111	0	0.277778	2	2	2	0	2	-0.69098	-0.69098	0	-0.593814	-0.593814	0	0.555556	0.555556	0	
6	0	6	0	10	0.888889	0.0754247	0.888889	0	0.381481	6	6	6	0	6	0.327646	0.327646	0	-1.48324	-1.48324	0	2.28889	2.28889	0	
4	0	4	0	10	0.644444	0.151819	0.644444	0	0.448148	6	6	6	0	6	1.10787	1.10787	0	1.27759	1.27759	0	2.68889	2.68889	0	
6	0	6	0	10	0.888889	0.0754247	0.888889	0	0.337037	6	6	6	0	6	-0.192506	-0.192506	0	-1.80346	-1.80346	0	2.02222	2.02222	0	
6	0	6	0	10	0.866667	0.0850098	0.866667	0	0.474603	14	14	14	0	14	1.56927	1.56927	0	1.07217	1.07217	0	6.64444	6.64444	0	
4	0	4	0	10	0.777778	0.0906765	0.777778	0	0.36	5	5	5	0	5	0.0738955	0.0738955	0	0.360986	0.360986	0	1.8	1.8	0	
5	0	5	0	10	0.822222	0.0969307	0.822222	0	0.269841	7	7	7	0	7	-1.00226	-1.00226	0	-0.732682	-0.732682	0	1.88889	1.88889	0	
3	0	3	0	10	0.711111	0.0859974	0.711111	0	0.391111	5	5	5	0	5	0.426811	0.426811	0	1.92679	1.92679	0	1.95556	1.95556	0	
3	0	3	0	10	0.511111	0.164303	0.511111	0	0.392593	3	3	3	0	3	0.398039	0.398039	0	0.800101	0.800101	0	1.17778	1.17778	0	
4	0	4	0	10	0.644444	0.151819	0.644444	0	0.359259	6	6	6	0	6	0.0675697	0.0675697	0	0.760374	0.760374	0	2.15556	2.15556	0	
2	0	2	0	10	0.355556	0.159109	0.355556	0	0.355556	2	2	2	0	2	0.0188908	0.0188908	0	1.52347	1.52347	0	0.711111	0.711111	0	
1	0	1	0	10	0	0	0	0	0	0	0	0	0	0	0	0	0	0	0	0	0	0	0	
6	0	6	0	10	0.888889	0.0754247	0.888889	0	0.432099	9	9	9	0	9	0.97381	0.97381	0	-0.201349	-0.201349	0	3.88889	3.88889	0	
4	0	4	0	10	0.711111	0.117454	0.711111	0	0.414815	9	9	9	0	9	0.759707	0.759707	0	2.1256	2.1256	0	3.73333	3.73333	0	
4	0	4	0	10	0.777778	0.0906765	0.777778	0	0.411111	6	6	6	0	6	0.674414	0.674414	0	1.07152	1.07152	0	2.46667	2.46667	0	
5	0	5	0	10	0.8	0.100133	0.8	0	0.322222	4	4	4	0	4	-0.339564	-0.339564	0	-1.62852	-1.62852	0	1.28889	1.28889	0	
4	0	4	0	10	0.733333	0.119889	0.733333	0	0.492063	14	14	14	0	14	1.79549	1.79549	0	4.08194	4.08194	0	6.88889	6.88889	0	
3	0	3	0	10	0.6	0.130537	0.6	0	0.5	2	2	2	0	2	1.33722	1.33722	0	0.477271	0.477271	0	1	1	0	
3	0	3	0	10	0.511111	0.164303	0.511111	0	0.277778	2	2	2	0	2	-0.69098	-0.69098	0	-0.593814	-0.593814	0	0.555556	0.555556	0	
7	0	7	0	10	0.911111	0.0773448	0.911111	0	0.311111	11	11	11	0	11	-0.536784	-0.536784	0	-1.69115	-1.69115	0	3.42222	3.42222	0	
5	0	5	0	10	0.822222	0.0969307	0.822222	0	0.32963	12	12	12	0	12	-0.304825	-0.304825	0	0.977245	0.977245	0	3.95556	3.95556	0	
5	0	5	0	10	0.755556	0.129546	0.755556	0	0.277778	6	6	6	0	6	-0.886043	-0.886043	0	-1.02075	-1.02075	0	1.66667	1.66667	0	
2	0	2	0	10	0.466667	0.131757	0.466667	0	0.466667	1	1	1	0	1	0.819796	0.819796	0	0.818008	0.818008	0	0.466667	0.466667	0	
5	0	5	0	10	0.755556	0.129546	0.755556	0	0.408889	5	5	5	0	5	0.628476	0.628476	0	-0.552137	-0.552137	0	2.04444	2.04444	0	
3	0	3	0	10	0.711111	0.0859974	0.711111	0	0.414815	3	3	3	0	3	0.624223	0.624223	0	0.912362	0.912362	0	1.24444	1.24444	0	
5	0	5	0	10	0.844444	0.0795543	0.844444	0	0.315556	5	5	5	0	5	-0.430269	-0.430269	0	-1.14825	-1.14825	0	1.57778	1.57778	0	
4	0	4	0	10	0.733333	0.119889	0.733333	0	0.373333	5	5	5	0	5	0.225145	0.225145	0	0.44029	0.44029	0	1.86667	1.86667	0	
7	0	7	0	10	0.911111	0.0773448	0.911111	0	0.342222	10	10	10	0	10	-0.141235	-0.141235	0	-1.69115	-1.69115	0	3.42222	3.42222	0	
7	0	7	0	10	0.911111	0.0773448	0.911111	0	0.286111	8	8	8	0	8	-0.822322	-0.822322	0	-2.8446	-2.8446	0	2.28889	2.28889	0	
3	0	3	0	10	0.511111	0.164303	0.511111	0	0.344444	4	4	4	0	4	-0.0982008	-0.0982008	0	1.12546	1.12546	0	1.37778	1.37778	0	
5	0	5	0	10	0.755556	0.129546	0.755556	0	0.266667	7	7	7	0	7	-1.0403	-1.0403	0	-0.759769	-0.759769	0	1.86667	1.86667	0	
5	0	5	0	10	0.844444	0.0795543	0.844444	0	0.446667	10	10	10	0	10	1.16841	1.16841	0	1.27865	1.27865	0	4.46667	4.46667	0	
2	0	2	0	10	0.2	0.154143	0.2	0	0.2	13	13	13	0	13	-1.97583	-1.97583	0	4.86082	4.86082	0	2.6	2.6	0	
4	0	4	0	10	0.777778	0.0906765	0.777778	0	0.344444	4	4	4	0	4	-0.0982008	-0.0982008	0	-0.208243	-0.208243	0	1.37778	1.37778	0	
1	0	1	0	10	0	0	0	0	0	0	0	0	0	0	0	0	0	0	0	0	0	0	0	
7	0	7	0	10	0.933333	0.0619677	0.933333	0	0.396296	12	12	12	0	12	0.547018	0.547018	0	-0.857727	-0.857727	0	4.75556	4.75556	0	
6	0	6	0	10	0.844444	0.102935	0.844444	0	0.396296	6	6	6	0	6	0.50103	0.50103	0	-1.38682	-1.38682	0	2.37778	2.37778	0	
4	0	4	0	10	0.733333	0.100532	0.733333	0	0.434568	9	9	9	0	9	1.0044	1.0044	0	2.25551	2.25551	0	3.91111	3.91111	0	
2	0	2	0	10	0.533333	0.0946573	0.533333	0	0.533333	3	3	3	0	3	1.83053	1.83053	0	3.33815	3.33815	0	1.6	1.6	0	
3	0	3	0	10	0.511111	0.164303	0.511111	0	0.251852	3	3	3	0	3	-1.03446	-1.03446	0	-0.0464656	-0.0464656	0	0.755556	0.755556	0	
3	0	3	0	10	0.688889	0.103837	0.688889	0	0.506667	10	10	10	0	10	1.92076	1.92076	0	4.92896	4.92896	0	5.06667	5.06667	0	
3	0	3	0	10	0.377778	0.181279	0.377778	0	0.277778	8	8	8	0	8	-0.924033	-0.924033	0	2.25165	2.25165	0	2.22222	2.22222	0	
1	0	1	0	10	0	0	0	0	0	0	0	0	0	0	0	0	0	0	0	0	0	0	0	
3	0	3	0	10	0.644444	0.101237	0.644444	0	0.433333	6	6	6	0	6	0.93449	0.93449	0	2.67927	2.67927	0	2.6	2.6	0	
3	0	3	0	10	0.733333	0.0764199	0.733333	0	0.466667	2	2	2	0	2	1.03299	1.03299	0	0.345355	0.345355	0	0.933333	0.933333	0	
4	0	4	0	10	0.8	0.0758947	0.8	0	0.446667	10	10	10	0	10	1.16841	1.16841	0	2.64184	2.64184	0	4.46667	4.46667	0	
6	0	6	0	10	0.844444	0.102935	0.844444	0	0.314286	7	7	7	0	7	-0.46971	-0.46971	0	-1.58448	-1.58448	0	2.2	2.2	0	
3	0	3	0	10	0.711111	0.0859974	0.711111	0	0.426667	5	5	5	0	5	0.830142	0.830142	0	2.14576	2.14576	0	2.13333	2.13333	0	
4	0	4	0	10	0.777778	0.0906765	0.777778	0	0.392593	6	6	6	0	6	0.457684	0.457684	0	0.963749	0.963749	0	2.35556	2.35556	0	
5	0	5	0	10	0.755556	0.129546	0.755556	0	0.355556	5	5	5	0	5	0.0234791	0.0234791	0	-0.871744	-0.871744	0	1.77778	1.77778	0	
4	0	4	0	10	0.711111	0.117454	0.711111	0	0.355556	4	4	4	0	4	0.0224807	0.0224807	0	-0.141577	-0.141577	0	1.42222	1.42222	0	
2	0	2	0	10	0.466667	0.131757	0.466667	0	0.466667	10	10	10	0	10	1.41919	1.41919	0	7.27204	7.27204	0	4.66667	4.66667	0	
5	0	5	0	10	0.755556	0.129546	0.755556	0	0.238889	4	4	4	0	4	-1.24468	-1.24468	0	-2.37682	-2.37682	0	0.955556	0.955556	0	
4	0	4	0	10	0.777778	0.0906765	0.777778	0	0.438095	7	7	7	0	7	1.01382	1.01382	0	1.60405	1.60405	0	3.06667	3.06667	0	
5	0	5	0	10	0.666667	0.163299	0.666667	0	0.326984	7	7	7	0	7	-0.317553	-0.317553	0	-0.295521	-0.295521	0	2.28889	2.28889	0	
4	0	4	0	10	0.822222	0.0716163	0.822222	0	0.383333	4	4	4	0	4	0.324185	0.324185	0	0.0171927	0.0171927	0	1.53333	1.53333	0	
3	0	3	0	10	0.377778	0.181279	0.377778	0	0.277778	2	2	2	0	2	-0.69098	-0.69098	0	-0.593814	-0.593814	0	0.555556	0.555556	0	
4	0	4	0	10	0.644444	0.151819	0.644444	0	0.372222	4	4	4	0	4	0.203503	0.203503	0	-0.0450416	-0.0450416	0	1.48889	1.48889	0	
4	0	4	0	10	0.8	0.0888444	0.8	0	0.462222	5	5	5	0	5	1.23347	1.23347	0	0.919651	0.919651	0	2.31111	2.31111	0	
5	0	5	0	10	0.822222	0.0969307	0.822222	0	0.447222	8	8	8	0	8	1.14407	1.14407	0	0.73532	0.73532	0	3.57778	3.57778	0	
2	0	2	0	10	0.2	0.154143	0.2	0	0.2	1	1	1	0	1	-1.11173	-1.11173	0	-0.339314	-0.339314	0	0.2	0.2	0	
6	0	6	0	10	0.777778	0.137437	0.777778	0	0.222222	7	7	7	0	7	-1.57285	-1.57285	0	-2.5215	-2.5215	0	1.55556	1.55556	0	
4	0	4	0	10	0.777778	0.0906765	0.777778	0	0.235185	12	12	12	0	12	-1.5116	-1.5116	0	1.39593	1.39593	0	2.82222	2.82222	0	
3	0	3	0	10	0.377778	0.181279	0.377778	0	0.2	2	2	2	0	2	-1.40085	-1.40085	0	-1.16394	-1.16394	0	0.4	0.4	0	
3	0	3	0	10	0.511111	0.164303	0.511111	0	0.277778	2	2	2	0	2	-0.69098	-0.69098	0	-0.593814	-0.593814	0	0.555556	0.555556	0	
6	0	6	0	10	0.888889	0.0754247	0.888889	0	0.394444	8	8	8	0	8	0.49991	0.49991	0	-0.694708	-0.694708	0	3.15556	3.15556	0	
3	0	3	0	10	0.6	0.130537	0.6	0	0.266667	4	4	4	0	4	-0.942971	-0.942971	0	0.602811	0.602811	0	1.06667	1.06667	0	
1	0	1	0	10	0	0	0	0	0	0	0	0	0	0	0	0	0	0	0	0	0	0	0	
4	0	4	0	10	0.644444	0.151819	0.644444	0	0.460317	7	7	7	0	7	1.2801	1.2801	0	1.73126	1.73126	0	3.22222	3.22222	0	
3	0	3	0	10	0.711111	0.0859974	0.711111	0	0.462222	5	5	5	0	5	1.23347	1.23347	0	2.35538	2.35538	0	2.31111	2.31111	0	
4	0	4	0	10	0.777778	0.0906765	0.777778	0	0.35873	7	7	7	0	7	0.0628404	0.0628404	0	1.1137	1.1137	0	2.51111	2.51111	0	
3	0	3	0	10	0.644444	0.101237	0.644444	0	0.422222	3	3	3	0	3	0.699617	0.699617	0	0.948883	0.948883	0	1.26667	1.26667	0	
5	0	5	0	10	0.866667	0.0713676	0.866667	0	0.442593	12	12	12	0	12	1.13858	1.13858	0	1.72809	1.72809	0	5.31111	5.31111	0	
4	0	4	0	10	0.711111	0.117454	0.711111	0	0.37037	3	3	3	0	3	0.171856	0.171856	0	-0.65694	-0.65694	0	1.11111	1.11111	0	
2	0	2	0	10	0.355556	0.159109	0.355556	0	0.355556	2	2	2	0	2	0.0188908	0.0188908	0	1.52347	1.52347	0	0.711111	0.711111	0	
4	0	4	0	10	0.733333	0.119889	0.733333	0	0.372222	4	4	4	0	4	0.203503	0.203503	0	-0.0450416	-0.0450416	0	1.48889	1.48889	0	
2	0	2	0	10	0.2	0.154143	0.2	0	0.2	1	1	1	0	1	-1.11173	-1.11173	0	-0.339314	-0.339314	0	0.2	0.2	0	
6	0	6	0	10	0.911111	0.0620394	0.911111	0	0.348148	6	6	6	0	6	-0.0624684	-0.0624684	0	-1.71856	-1.71856	0	2.08889	2.08889	0	
5	0	5	0	10	0.8	0.100133	0.8	0	0.386111	16	16	16	0	16	0.427255	0.427255	0	2.14355	2.14355	0	6.17778	6.17778	0	
3	0	3	0	10	0.6	0.130537	0.6	0	0.333333	2	2	2	0	2	-0.183929	-0.183929	0	-0.27178	-0.27178	0	0.666667	0.666667	0	
3	0	3	0	10	0.6	0.130537	0.6	0	0.333333	2	2	2	0	2	-0.183929	-0.183929	0	-0.27178	-0.27178	0	0.666667	0.666667	0	
4	0	4	0	10	0.777778	0.0906765	0.777778	0	0.448889	5	5	5	0	5	1.08222	1.08222	0	0.852364	0.852364	0	2.24444	2.24444	0	
5	0	5	0	10	0.822222	0.0969307	0.822222	0	0.341667	8	8	8	0	8	-0.144255	-0.144255	0	0.108441	0.108441	0	2.73333	2.73333	0	
5	0	5	0	10	0.755556	0.129546	0.755556	0	0.244444	19	19	19	0	19	-1.44535	-1.44535	0	1.37774	1.37774	0	4.64444	4.64444	0	
7	0	7	0	10	0.911111	0.0773448	0.911111	0	0.325926	9	9	9	0	9	-0.341395	-0.341395	0	-2.11275	-2.11275	0	2.93333	2.93333	0	
5	0	5	0	10	0.844444	0.0795543	0.844444	0	0.371429	7	7	7	0	7	0.214998	0.214998	0	-0.00576845	-0.00576845	0	2.6	2.6	0	
6	0	6	0	10	0.888889	0.0754247	0.888889	0	0.340741	6	6	6	0	6	-0.14916	-0.14916	0	-1.77476	-1.77476	0	2.04444	2.04444	0	
4	0	4	0	10	0.777778	0.0906765	0.777778	0	0.340741	3	3	3	0	3	-0.129722	-0.129722	0	-0.83052	-0.83052	0	1.02222	1.02222	0	
3	0	3	0	10	0.511111	0.164303	0.511111	0	0.4	4	4	4	0	4	0.505207	0.505207	0	1.45344	1.45344	0	1.6	1.6	0	
4	0	4	0	10	0.644444	0.151819	0.644444	0	0.4	5	5	5	0	5	0.527643	0.527643	0	0.592409	0.592409	0	2	2	0	
3	0	3	0	10	0.511111	0.164303	0.511111	0	0.316667	4	4	4	0	4	-0.399905	-0.399905	0	0.948883	0.948883	0	1.26667	1.26667	0	
4	0	4	0	10	0.777778	0.0906765	0.777778	0	0.488889	17	17	17	0	17	1.78115	1.78115	0	4.79974	4.79974	0	8.31111	8.31111	0	
6	0	6	0	10	0.911111	0.0620394	0.911111	0	0.380247	9	9	9	0	9	0.331501	0.331501	0	-0.502077	-0.502077	0	3.42222	3.42222	0	
6	0	6	0	10	0.844444	0.102935	0.844444	0	0.231111	5	5	5	0	5	-1.38818	-1.38818	0	-3.4118	-3.4118	0	1.15556	1.15556	0	
3	0	3	0	10	0.377778	0.181279	0.377778	0	0.2	2	2	2	0	2	-1.40085	-1.40085	0	-1.16394	-1.16394	0	0.4	0.4	0	
5	0	5	0	10	0.822222	0.0969307	0.822222	0	0.395556	5	5	5	0	5	0.477227	0.477227	0	-0.627661	-0.627661	0	1.97778	1.97778	0	
3	0	3	0	10	0.622222	0.138307	0.622222	0	0.48254	7	7	7	0	7	1.54637	1.54637	0	3.4722	3.4722	0	3.37778	3.37778	0	
4	0	4	0	10	0.644444	0.151819	0.644444	0	0.306667	5	5	5	0	5	-0.531102	-0.531102	0	0.0171927	0.0171927	0	1.53333	1.53333	0	
4	0	4	0	10	0.644444	0.151819	0.644444	0	0.251852	3	3	3	0	3	-1.03446	-1.03446	0	-1.46598	-1.46598	0	0.755556	0.755556	0	
4	0	4	0	10	0.777778	0.0906765	0.777778	0	0.47037	6	6	6	0	6	1.36795	1.36795	0	1.39593	1.39593	0	2.82222	2.82222	0	
6	0	6	0	10	0.888889	0.0754247	0.888889	0	0.403419	13	13	13	0	13	0.642791	0.642791	0	0.501163	0.501163	0	5.24444	5.24444	0	
4	0	4	0	10	0.777778	0.0906765	0.777778	0	0.36	5	5	5	0	5	0.0738955	0.0738955	0	0.360986	0.360986	0	1.8	1.8	0	
4	0	4	0	10	0.711111	0.117454	0.711111	0	0.306667	5	5	5	0	5	-0.531102	-0.531102	0	0.0171927	0.0171927	0	1.53333	1.53333	0	
3	0	3	0	10	0.511111	0.164303	0.511111	0	0.303704	3	3	3	0	3	-0.506695	-0.506695	0	0.299793	0.299793	0	0.911111	0.911111	0	
4	0	4	0	10	0.733333	0.100532	0.733333	0	0.4	5	5	5	0	5	0.527643	0.527643	0	0.592409	0.592409	0	2	2	0	
5	0	5	0	10	0.866667	0.0713676	0.866667	0	0.434921	7	7	7	0	7	0.975784	0.975784	0	0.356483	0.356483	0	3.04444	3.04444	0	
6	0	6	0	10	0.911111	0.0620394	0.911111	0	0.368889	15	15	15	0	15	0.200707	0.200707	0	0.628735	0.628735	0	5.53333	5.53333	0	
4	0	4	0	10	0.733333	0.119889	0.733333	0	0.481481	6	6	6	0	6	1.49799	1.49799	0	1.45377	1.45377	0	2.88889	2.88889	0	
6	0	6	0	10	0.844444	0.102935	0.844444	0	0.333333	8	8	8	0	8	-0.245965	-0.245965	0	-1.10177	-1.10177	0	2.66667	2.66667	0	
3	0	3	0	10	0.511111	0.164303	0.511111	0	0.251852	3	3	3	0	3	-1.03446	-1.03446	0	-0.0464656	-0.0464656	0	0.755556	0.755556	0	
5	0	5	0	10	0.755556	0.129546	0.755556	0	0.288889	4	4	4	0	4	-0.701608	-0.701608	0	-1.89575	-1.89575	0	1.15556	1.15556	0	
6	0	6	0	10	0.888889	0.0754247	0.888889	0	0.351111	5	5	5	0	5	-0.0269373	-0.0269373	0	-2.18321	-2.18321	0	1.75556	1.75556	0	
5	0	5	0	10	0.8	0.100133	0.8	0	0.408889	5	5	5	0	5	0.628476	0.628476	0	-0.552137	-0.552137	0	2.04444	2.04444	0	
4	0	4	0	10	0.644444	0.151819	0.644444	0	0.391111	5	5	5	0	5	0.426811	0.426811	0	0.542604	0.542604	0	1.95556	1.95556	0	
6	0	6	0	10	0.866667	0.0850098	0.866667	0	0.325926	6	6	6	0	6	-0.322544	-0.322544	0	-1.89204	-1.89204	0	1.95556	1.95556	0	
3	0	3	0	10	0.622222	0.138307	0.622222	0	0.355556	3	3	3	0	3	0.0210669	0.0210669	0	0.602811	0.602811	0	1.06667	1.06667	0	
6	0	6	0	10	0.911111	0.0620394	0.911111	0	0.315556	5	5	5	0	5	-0.430269	-0.430269	0	-2.48114	-2.48114	0	1.57778	1.57778	0	
3	0	3	0	10	0.711111	0.0859974	0.711111	0	0.533333	6	6	6	0	6	2.10483	2.10483	0	3.29954	3.29954	0	3.2	3.2	0	
4	0	4	0	10	0.733333	0.100532	0.733333	0	0.396825	7	7	7	0	7	0.519312	0.519312	0	1.35689	1.35689	0	2.77778	2.77778	0	
6	0	6	0	10	0.844444	0.102935	0.844444	0	0.325926	12	12	12	0	12	-0.35215	-0.35215	0	-0.187994	-0.187994	0	3.91111	3.91111	0	
4	0	4	0	10	0.644444	0.151819	0.644444	0	0.251852	3	3	3	0	3	-1.03446	-1.03446	0	-1.46598	-1.46598	0	0.755556	0.755556	0	
5	0	5	0	10	0.844444	0.0795543	0.844444	0	0.44	10	10	10	0	10	1.08482	1.08482	0	1.24078	1.24078	0	4.4	4.4	0	
2	0	2	0	10	0.2	0.154143	0.2	0	0.2	1	1	1	0	1	-1.11173	-1.11173	0	-0.339314	-0.339314	0	0.2	0.2	0	
3	0	3	0	10	0.644444	0.101237	0.644444	0	0.437037	3	3	3	0	3	0.850406	0.850406	0	1.02067	1.02067	0	1.31111	1.31111	0	
6	0	6	0	10	0.866667	0.0850098	0.866667	0	0.311111	10	10	10	0	10	-0.531343	-0.531343	0	-0.728588	-0.728588	0	3.11111	3.11111	0	
6	0	6	0	10	0.888889	0.0754247	0.888889	0	0.315556	5	5	5	0	5	-0.430269	-0.430269	0	-2.48114	-2.48114	0	1.57778	1.57778	0	
4	0	4	0	10	0.733333	0.100532	0.733333	0	0.276543	9	9	9	0	9	-0.953118	-0.953118	0	1.09267	1.09267	0	2.48889	2.48889	0	
5	0	5	0	10	0.666667	0.163299	0.666667	0	0.217284	9	9	9	0	9	-1.68719	-1.68719	0	-0.653436	-0.653436	0	1.95556	1.95556	0	
3	0	3	0	10	0.644444	0.101237	0.644444	0	0.496296	9	9	9	0	9	1.76905	1.76905	0	4.44439	4.44439	0	4.46667	4.46667	0	
2	0	2	0	10	0.2	0.154143	0.2	0	0.2	2	2	2	0	2	-1.40085	-1.40085	0	0.586219	0.586219	0	0.4	0.4	0	
3	0	3	0	10	0.511111	0.164303	0.511111	0	0.377778	3	3	3	0	3	0.24725	0.24725	0	0.722822	0.722822	0	1.13333	1.13333	0	
4	0	4	0	10	0.822222	0.0716163	0.822222	0	0.383333	4	4	4	0	4	0.324185	0.324185	0	0.0171927	0.0171927	0	1.53333	1.53333	0	
3	0	3	0	10	0.511111	0.164303	0.511111	0	0.412698	7	7	7	0	7	0.709509	0.709509	0	2.98577	2.98577	0	2.88889	2.88889	0	
4	0	4	0	10	0.733333	0.100532	0.733333	0	0.266667	5	5	5	0	5	-0.984849	-0.984849	0	-0.276923	-0.276923	0	1.33333	1.33333	0	
6	0	6	0	10	0.844444	0.102935	0.844444	0	0.337037	6	6	6	0	6	-0.192506	-0.192506	0	-1.80346	-1.80346	0	2.02222	2.02222	0	
6	0	6	0	10	0.844444	0.102935	0.844444	0	0.309091	11	11	11	0	11	-0.562375	-0.562375	0	-0.517483	-0.517483	0	3.4	3.4	0	
3	0	3	0	10	0.511111	0.164303	0.511111	0	0.277778	2	2	2	0	2	-0.69098	-0.69098	0	-0.593814	-0.593814	0	0.555556	0.555556	0	
2	0	2	0	10	0.466667	0.131757	0.466667	0	0.466667	5	5	5	0	5	1.28389	1.28389	0	4.4865	4.4865	0	2.33333	2.33333	0	
4	0	4	0	10	0.711111	0.117454	0.711111	0	0.455556	8	8	8	0	8	1.24578	1.24578	0	2.05934	2.05934	0	3.64444	3.64444	0	
6	0	6	0	10	0.888889	0.0754247	0.888889	0	0.358333	16	16	16	0	16	0.0634828	0.0634828	0	0.713715	0.713715	0	5.73333	5.73333	0	
3	0	3	0	10	0.377778	0.181279	0.377778	0	0.2	2	2	2	0	2	-1.40085	-1.40085	0	-1.16394	-1.16394	0	0.4	0.4	0	
4	0	4	0	10	0.644444	0.151819	0.644444	0	0.36	5	5	5	0	5	0.0738955	0.0738955	0	0.360986	0.360986	0	1.8	1.8	0	
4	0	4	0	10	0.777778	0.0906765	0.777778	0	0.395556	5	5	5	0	5	0.477227	0.477227	0	0.567615	0.567615	0	1.97778	1.97778	0	
4	0	4	0	10	0.533333	0.180074	0.533333	0	0.251852	3	3	3	0	3	-1.03446	-1.03446	0	-1.46598	-1.46598	0	0.755556	0.755556	0	
5	0	5	0	10	0.822222	0.0969307	0.822222	0	0.342222	10	10	10	0	10	-0.141235	-0.141235	0	0.629889	0.629889	0	3.42222	3.42222	0	
4	0	4	0	10	0.733333	0.119889	0.733333	0	0.407407	3	3	3	0	3	0.548828	0.548828	0	-0.458546	-0.458546	0	1.22222	1.22222	0	
2	0	2	0	10	0.2	0.154143	0.2	0	0.2	1	1	1	0	1	-1.11173	-1.11173	0	-0.339314	-0.339314	0	0.2	0.2	0	
3	0	3	0	10	0.644444	0.101237	0.644444	0	0.45	4	4	4	0	4	1.04827	1.04827	0	1.72621	1.72621	0	1.8	1.8	0	
3	0	3	0	10	0.511111	0.164303	0.511111	0	0.316667	4	4	4	0	4	-0.399905	-0.399905	0	0.948883	0.948883	0	1.26667	1.26667	0	
1	0	1	0	10	0	0	0	0	0	0	0	0	0	0	0	0	0	0	0	0	0	0	0	
2	0	2	0	10	0.2	0.154143	0.2	0	0.2	5	5	5	0	5	-1.7411	-1.7411	0	2.19722	2.19722	0	1	1	0	
5	0	5	0	10	0.866667	0.0713676	0.866667	0	0.365079	7	7	7	0	7	0.138919	0.138919	0	-0.0450542	-0.0450542	0	2.55556	2.55556	0	
4	0	4	0	10	0.644444	0.151819	0.644444	0	0.288889	6	6	6	0	6	-0.756005	-0.756005	0	0.279264	0.279264	0	1.73333	1.73333	0	
3	0	3	0	10	0.511111	0.164303	0.511111	0	0.288889	3	3	3	0	3	-0.657484	-0.657484	0	0.206017	0.206017	0	0.866667	0.866667	0	
4	0	4	0	10	0.533333	0.180074	0.533333	0	0.2	3	3	3	0	3	-1.56222	-1.56222	0	-1.96374	-1.96374	0	0.6	0.6	0	
2	0	2	0	10	0.355556	0.159109	0.355556	0	0.355556	1	1	1	0	1	0.014992	0.014992	0	0.4167	0.4167	0	0.355556	0.355556	0	
6	0	6	0	10	0.844444	0.102935	0.844444	0	0.381197	13	13	13	0	13	0.356723	0.356723	0	0.367183	0.367183	0	4.95556	4.95556	0	
4	0	4	0	10	0.644444	0.151819	0.644444	0	0.377778	6	6	6	0	6	0.2843	0.2843	0	0.87495	0.87495	0	2.26667	2.26667	0	
4	0	4	0	10	0.533333	0.180074	0.533333	0	0.266667	7	7	7	0	7	-1.0403	-1.0403	0	0.44029	0.44029	0	1.86667	1.86667	0	
5	0	5	0	10	0.755556	0.129546	0.755556	0	0.277778	4	4	4	0	4	-0.82229	-0.82229	0	-1.99329	-1.99329	0	1.11111	1.11111	0	
5	0	5	0	10	0.822222	0.0969307	0.822222	0	0.405556	4	4	4	0	4	0.565548	0.565548	0	-1.08351	-1.08351	0	1.62222	1.62222	0	
6	0	6	0	10	0.844444	0.102935	0.844444	0	0.285185	6	6	6	0	6	-0.799351	-0.799351	0	-2.25384	-2.25384	0	1.71111	1.71111	0	
2	0	2	0	10	0.466667	0.131757	0.466667	0	0.466667	7	7	7	0	7	1.35618	1.35618	0	5.72197	5.72197	0	3.26667	3.26667	0	
2	0	2	0	10	0.2	0.154143	0.2	0	0.2	10	10	10	0	10	-1.92458	-1.92458	0	3.98898	3.98898	0	2	2	0	
5	0	5	0	10	0.755556	0.129546	0.755556	0	0.277778	4	4	4	0	4	-0.82229	-0.82229	0	-1.99329	-1.99329	0	1.11111	1.11111	0	
4	0	4	0	10	0.711111	0.117454	0.711111	0	0.266667	5	5	5	0	5	-0.984849	-0.984849	0	-0.276923	-0.276923	0	1.33333	1.33333	0	
6	0	6	0	10	0.866667	0.0850098	0.866667	0	0.489899	22	22	22	0	22	1.82447	1.82447	0	2.34412	2.34412	0	10.7778	10.7778	0	
5	0	5	0	10	0.844444	0.0795543	0.844444	0	0.417094	13	13	13	0	13	0.818833	0.818833	0	1.78363	1.78363	0	5.42222	5.42222	0	
3	0	3	0	10	0.711111	0.0859974	0.711111	0	0.4	4	4	4	0	4	0.505207	0.505207	0	1.45344	1.45344	0	1.6	1.6	0	
5	0	5	0	10	0.755556	0.129546	0.755556	0	0.302222	5	5	5	0	5	-0.581518	-0.581518	0	-1.24939	-1.24939	0	1.51111	1.51111	0	
3	0	3	0	10	0.733333	0.0764199	0.733333	0	0.522222	6	6	6	0	6	1.97479	1.97479	0	3.2336	3.2336	0	3.13333	3.13333	0	
5	0	5	0	10	0.8	0.100133	0.8	0	0.297778	5	5	5	0	5	-0.631934	-0.631934	0	-1.28426	-1.28426	0	1.48889	1.48889	0	
4	0	4	0	10	0.533333	0.180074	0.533333	0	0.231111	5	5	5	0	5	-1.38818	-1.38818	0	-0.575329	-0.575329	0	1.15556	1.15556	0	
4	0	4	0	10	0.533333	0.180074	0.533333	0	0.2	7	7	7	0	7	-1.83913	-1.83913	0	-0.174668	-0.174668	0	1.4	1.4	0	
5	0	5	0	10	0.8	0.100133	0.8	0	0.283333	4	4	4	0	4	-0.761949	-0.761949	0	-1.94393	-1.94393	0	1.13333	1.13333	0	
1	0	1	0	10	0	0	0	0	0	0	0	0	0	0	0	0	0	0	0	0	0	0	0	
2	0	2	0	10	0.533333	0.0946573	0.533333	0	0.533333	2	2	2	0	2	1.64145	1.64145	0	2.33782	2.33782	0	1.06667	1.06667	0	
3	0	3	0	10	0.733333	0.0764199	0.733333	0	0.466667	2	2	2	0	2	1.03299	1.03299	0	0.345355	0.345355	0	0.933333	0.933333	0	
1	0	1	0	10	0	0	0	0	0	0	0	0	0	0	0	0	0	0	0	0	0	0	0	
4	0	4	0	10	0.711111	0.117454	0.711111	0	0.433333	6	6	6	0	6	0.93449	0.93449	0	1.19657	1.19657	0	2.6	2.6	0	
4	0	4	0	10	0.777778	0.0906765	0.777778	0	0.481481	3	3	3	0	3	1.30277	1.30277	0	-0.108954	-0.108954	0	1.44444	1.44444	0	
4	0	4	0	10	0.733333	0.100532	0.733333	0	0.311111	3	3	3	0	3	-0.4313	-0.4313	0	-1.02041	-1.02041	0	0.933333	0.933333	0	
5	0	5	0	10	0.822222	0.0969307	0.822222	0	0.297778	5	5	5	0	5	-0.631934	-0.631934	0	-1.28426	-1.28426	0	1.48889	1.48889	0	
3	0	3	0	10	0.644444	0.101237	0.644444	0	0.437037	3	3	3	0	3	0.850406	0.850406	0	1.02067	1.02067	0	1.31111	1.31111	0	
6	0	6	0	10	0.844444	0.102935	0.844444	0	0.430556	16	16	16	0	16	1.00929	1.00929	0	1.16159	1.16159	0	6.88889	6.88889	0	
5	0	5	0	10	0.844444	0.0795543	0.844444	0	0.505556	8	8	8	0	8	1.85605	1.85605	0	1.03161	1.03161	0	4.04444	4.04444	0	
3	0	3	0	10	0.377778	0.181279	0.377778	0	0.2	3	3	3	0	3	-1.56222	-1.56222	0	-0.458608	-0.458608	0	0.6	0.6	0	
4	0	4	0	10	0.777778	0.0906765	0.777778	0	0.362963	3	3	3	0	3	0.0964614	0.0964614	0	-0.698978	-0.698978	0	1.08889	1.08889	0	
2	0	2	0	10	0.355556	0.159109	0.355556	0	0.355556	1	1	1	0	1	0.014992	0.014992	0	0.4167	0.4167	0	0.355556	0.355556	0	
