K_1	Ksd_1	mean_K	sd_K	tot_K	H_1	Hsd_1	mean_H	sd_H	tot_H	S_1	prS_1	mean_S	sd_S	tot_S	D_1	mean_D	sd_D	FS_1	mean_FS	sd_FS	Pi_1	mean_Pi	sd_Pi	
3	0	3	0	10	0.6	0.130537	0.6	0	0.288889	3	3	3	0	3	-0.657484	-0.657484	0	0.206017	0.206017	0	0.866667	0.866667	0	
3	0	3	0	10	0.644444	0.101237	0.644444	0	0.366667	2	2	2	0	2	0.120301	0.120301	0	-0.100592	-0.100592	0	0.733333	0.733333	0	
5	0	5	0	10	0.822222	0.0969307	0.822222	0	0.360494	9	9	9	0	9	0.0868117	0.0868117	0	0.504539	0.504539	0	3.24444	3.24444	0	
4	0	4	0	10	0.533333	0.180074	0.533333	0	0.228283	11	11	11	0	11	-1.58602	-1.58602	0	1.1137	1.1137	0	2.51111	2.51111	0	
4	0	4	0	10	0.777778	0.0906765	0.777778	0	0.459259	6	6	6	0	6	1.23791	1.23791	0	1.33722	1.33722	0	2.75556	2.75556	0	
6	0	6	0	10	0.844444	0.102935	0.844444	0	0.296296	6	6	6	0	6	-0.669313	-0.669313	0	-2.14876	-2.14876	0	1.77778	1.77778	0	
3	0	3	0	10	0.377778	0.181279	0.377778	0	0.277778	6	6	6	0	6	-0.886043	-0.886043	0	1.54644	1.54644	0	1.66667	1.66667	0	
4	0	4	0	10	0.711111	0.117454	0.711111	0	0.340741	3	3	3	0	3	-0.129722	-0.129722	0	-0.83052	-0.83052	0	1.02222	1.02222	0	
5	0	5	0	10	0.844444	0.0795543	0.844444	0	0.392593	6	6	6	0	6	0.457684	0.457684	0	-0.230334	-0.230334	0	2.35556	2.35556	0	
6	0	6	0	10	0.888889	0.0754247	0.888889	0	0.476023	19	19	19	0	19	1.62424	1.62424	0	1.86221	1.86221	0	9.04444	9.04444	0	
5	0	5	0	10	0.8	0.100133	0.8	0	0.333333	6	6	6	0	6	-0.235852	-0.235852	0	-0.602192	-0.602192	0	2	2	0	
4	0	4	0	10	0.733333	0.119889	0.733333	0	0.403175	7	7	7	0	7	0.595391	0.595391	0	1.39593	1.39593	0	2.82222	2.82222	0	
6	0	6	0	10	0.777778	0.137437	0.777778	0	0.314286	7	7	7	0	7	-0.46971	-0.46971	0	-1.58448	-1.58448	0	2.2	2.2	0	
6	0	6	0	10	0.844444	0.102935	0.844444	0	0.291358	9	9	9	0	9	-0.769601	-0.769601	0	-1.14311	-1.14311	0	2.62222	2.62222	0	
7	0	7	0	10	0.911111	0.0773448	0.911111	0	0.35873	21	21	21	0	21	0.0699507	0.0699507	0	0.219354	0.219354	0	7.53333	7.53333	0	
3	0	3	0	10	0.688889	0.103837	0.688889	0	0.411111	2	2	2	0	2	0.525941	0.525941	0	0.108362	0.108362	0	0.822222	0.822222	0	
7	0	7	0	10	0.933333	0.0619677	0.933333	0	0.294444	8	8	8	0	8	-0.720612	-0.720612	0	-2.75623	-2.75623	0	2.35556	2.35556	0	
4	0	4	0	10	0.777778	0.0906765	0.777778	0	0.362963	3	3	3	0	3	0.0964614	0.0964614	0	-0.698978	-0.698978	0	1.08889	1.08889	0	
3	0	3	0	10	0.377778	0.181279	0.377778	0	0.264815	12	12	12	0	12	-1.13301	-1.13301	0	3.27764	3.27764	0	3.17778	3.17778	0	
4	0	4	0	10	0.711111	0.117454	0.711111	0	0.246914	9	9	9	0	9	-1.32015	-1.32015	0	0.829618	0.829618	0	2.22222	2.22222	0	
6	0	6	0	10	0.844444	0.102935	0.844444	0	0.305556	8	8	8	0	8	-0.584999	-0.584999	0	-1.3174	-1.3174	0	2.44444	2.44444	0	
4	0	4	0	10	0.533333	0.180074	0.533333	0	0.225926	12	12	12	0	12	-1.62991	-1.62991	0	1.29757	1.29757	0	2.71111	2.71111	0	
6	0	6	0	10	0.911111	0.0620394	0.911111	0	0.348148	12	12	12	0	12	-0.0682021	-0.0682021	0	-0.0335176	-0.0335176	0	4.17778	4.17778	0	
3	0	3	0	10	0.6	0.130537	0.6	0	0.366667	2	2	2	0	2	0.120301	0.120301	0	-0.100592	-0.100592	0	0.733333	0.733333	0	
3	0	3	0	10	0.6	0.130537	0.6	0	0.377778	3	3	3	0	3	0.24725	0.24725	0	0.722822	0.722822	0	1.13333	1.13333	0	
5	0	5	0	10	0.666667	0.163299	0.666667	0	0.2	4	4	4	0	4	-1.66706	-1.66706	0	-2.8472	-2.8472	0	0.8	0.8	0	
4	0	4	0	10	0.711111	0.117454	0.711111	0	0.37037	3	3	3	0	3	0.171856	0.171856	0	-0.65694	-0.65694	0	1.11111	1.11111	0	
3	0	3	0	10	0.511111	0.164303	0.511111	0	0.324444	5	5	5	0	5	-0.329436	-0.329436	0	1.48469	1.48469	0	1.62222	1.62222	0	
4	0	4	0	10	0.711111	0.117454	0.711111	0	0.283333	4	4	4	0	4	-0.761949	-0.761949	0	-0.615736	-0.615736	0	1.13333	1.13333	0	
4	0	4	0	10	0.777778	0.0906765	0.777778	0	0.405556	4	4	4	0	4	0.565548	0.565548	0	0.137067	0.137067	0	1.62222	1.62222	0	
3	0	3	0	10	0.644444	0.101237	0.644444	0	0.366667	2	2	2	0	2	0.120301	0.120301	0	-0.100592	-0.100592	0	0.733333	0.733333	0	
3	0	3	0	10	0.377778	0.181279	0.377778	0	0.303704	3	3	3	0	3	-0.506695	-0.506695	0	0.299793	0.299793	0	0.911111	0.911111	0	
4	0	4	0	10	0.777778	0.0906765	0.777778	0	0.36	5	5	5	0	5	0.0738955	0.0738955	0	0.360986	0.360986	0	1.8	1.8	0	
4	0	4	0	10	0.733333	0.119889	0.733333	0	0.451852	9	9	9	0	9	1.2185	1.2185	0	2.36654	2.36654	0	4.06667	4.06667	0	
5	0	5	0	10	0.844444	0.0795543	0.844444	0	0.276768	11	11	11	0	11	-0.971831	-0.971831	0	0.356483	0.356483	0	3.04444	3.04444	0	
3	0	3	0	10	0.377778	0.181279	0.377778	0	0.251852	3	3	3	0	3	-1.03446	-1.03446	0	-0.0464656	-0.0464656	0	0.755556	0.755556	0	
5	0	5	0	10	0.755556	0.129546	0.755556	0	0.255556	12	12	12	0	12	-1.25132	-1.25132	0	0.373336	0.373336	0	3.06667	3.06667	0	
4	0	4	0	10	0.733333	0.119889	0.733333	0	0.398291	13	13	13	0	13	0.576775	0.576775	0	3.10046	3.10046	0	5.17778	5.17778	0	
5	0	5	0	10	0.844444	0.0795543	0.844444	0	0.4	5	5	5	0	5	0.527643	0.527643	0	-0.602192	-0.602192	0	2	2	0	
7	0	7	0	10	0.933333	0.0619677	0.933333	0	0.398413	14	14	14	0	14	0.582099	0.582099	0	-0.477164	-0.477164	0	5.57778	5.57778	0	
2	0	2	0	10	0.466667	0.131757	0.466667	0	0.466667	1	1	1	0	1	0.819796	0.819796	0	0.818008	0.818008	0	0.466667	0.466667	0	
5	0	5	0	10	0.844444	0.0795543	0.844444	0	0.355556	7	7	7	0	7	0.0248011	0.0248011	0	-0.105213	-0.105213	0	2.48889	2.48889	0	
5	0	5	0	10	0.755556	0.129546	0.755556	0	0.390476	14	14	14	0	14	0.479269	0.479269	0	1.80564	1.80564	0	5.46667	5.46667	0	
3	0	3	0	10	0.6	0.130537	0.6	0	0.47619	7	7	7	0	7	1.4703	1.4703	0	3.42946	3.42946	0	3.33333	3.33333	0	
4	0	4	0	10	0.8	0.0888444	0.8	0	0.380952	7	7	7	0	7	0.329116	0.329116	0	1.2575	1.2575	0	2.66667	2.66667	0	
3	0	3	0	10	0.377778	0.181279	0.377778	0	0.2	4	4	4	0	4	-1.66706	-1.66706	0	0.0579335	0.0579335	0	0.8	0.8	0	
3	0	3	0	10	0.377778	0.181279	0.377778	0	0.2	3	3	3	0	3	-1.56222	-1.56222	0	-0.458608	-0.458608	0	0.6	0.6	0	
4	0	4	0	10	0.533333	0.180074	0.533333	0	0.405128	13	13	13	0	13	0.664796	0.664796	0	3.15538	3.15538	0	5.26667	5.26667	0	
3	0	3	0	10	0.644444	0.101237	0.644444	0	0.255556	6	6	6	0	6	-1.14612	-1.14612	0	1.35813	1.35813	0	1.53333	1.53333	0	
4	0	4	0	10	0.711111	0.117454	0.711111	0	0.311111	6	6	6	0	6	-0.495928	-0.495928	0	0.44029	0.44029	0	1.86667	1.86667	0	
8	0	8	0	10	0.955556	0.0594045	0.955556	0	0.275556	10	10	10	0	10	-0.977179	-0.977179	0	-3.85309	-3.85309	0	2.75556	2.75556	0	
3	0	3	0	10	0.511111	0.164303	0.511111	0	0.439683	14	14	14	0	14	1.11681	1.11681	0	5.73586	5.73586	0	6.15556	6.15556	0	
3	0	3	0	10	0.511111	0.164303	0.511111	0	0.238889	4	4	4	0	4	-1.24468	-1.24468	0	0.390095	0.390095	0	0.955556	0.955556	0	
3	0	3	0	10	0.511111	0.164303	0.511111	0	0.244444	7	7	7	0	7	-1.30658	-1.30658	0	1.60724	1.60724	0	1.71111	1.71111	0	
6	0	6	0	10	0.866667	0.0850098	0.866667	0	0.322222	8	8	8	0	8	-0.381578	-0.381578	0	-1.1853	-1.1853	0	2.57778	2.57778	0	
3	0	3	0	10	0.377778	0.181279	0.377778	0	0.2	7	7	7	0	7	-1.83913	-1.83913	0	1.15966	1.15966	0	1.4	1.4	0	
7	0	7	0	10	0.911111	0.0773448	0.911111	0	0.390123	9	9	9	0	9	0.453846	0.453846	0	-1.62319	-1.62319	0	3.51111	3.51111	0	
4	0	4	0	10	0.711111	0.117454	0.711111	0	0.288889	3	3	3	0	3	-0.657484	-0.657484	0	-1.1758	-1.1758	0	0.866667	0.866667	0	
5	0	5	0	10	0.866667	0.0713676	0.866667	0	0.403704	6	6	6	0	6	0.587722	0.587722	0	-0.166937	-0.166937	0	2.42222	2.42222	0	
5	0	5	0	10	0.844444	0.0795543	0.844444	0	0.35	4	4	4	0	4	-0.03786	-0.03786	0	-1.43006	-1.43006	0	1.4	1.4	0	
7	0	7	0	10	0.911111	0.0773448	0.911111	0	0.31358	9	9	9	0	9	-0.494325	-0.494325	0	-2.22213	-2.22213	0	2.82222	2.82222	0	
7	0	7	0	10	0.933333	0.0619677	0.933333	0	0.422222	17	17	17	0	17	0.904191	0.904191	0	0.108186	0.108186	0	7.17778	7.17778	0	
5	0	5	0	10	0.755556	0.129546	0.755556	0	0.286111	8	8	8	0	8	-0.822322	-0.822322	0	-0.295521	-0.295521	0	2.28889	2.28889	0	
6	0	6	0	10	0.888889	0.0754247	0.888889	0	0.39798	11	11	11	0	11	0.563631	0.563631	0	0.0759838	0.0759838	0	4.37778	4.37778	0	
6	0	6	0	10	0.777778	0.137437	0.777778	0	0.459722	16	16	16	0	16	1.39125	1.39125	0	1.32573	1.32573	0	7.35556	7.35556	0	
5	0	5	0	10	0.755556	0.129546	0.755556	0	0.291667	8	8	8	0	8	-0.754516	-0.754516	0	-0.251857	-0.251857	0	2.33333	2.33333	0	
2	0	2	0	10	0.2	0.154143	0.2	0	0.2	3	3	3	0	3	-1.56222	-1.56222	0	1.22453	1.22453	0	0.6	0.6	0	
6	0	6	0	10	0.844444	0.102935	0.844444	0	0.266667	5	5	5	0	5	-0.984849	-0.984849	0	-2.97233	-2.97233	0	1.33333	1.33333	0	
5	0	5	0	10	0.844444	0.0795543	0.844444	0	0.401709	13	13	13	0	13	0.620786	0.620786	0	1.68311	1.68311	0	5.22222	5.22222	0	
5	0	5	0	10	0.8	0.100133	0.8	0	0.276543	9	9	9	0	9	-0.953118	-0.953118	0	-0.105213	-0.105213	0	2.48889	2.48889	0	
4	0	4	0	10	0.8	0.0888444	0.8	0	0.462222	5	5	5	0	5	1.23347	1.23347	0	0.919651	0.919651	0	2.31111	2.31111	0	
4	0	4	0	10	0.777778	0.0906765	0.777778	0	0.422222	6	6	6	0	6	0.804452	0.804452	0	1.1346	1.1346	0	2.53333	2.53333	0	
2	0	2	0	10	0.2	0.154143	0.2	0	0.2	1	1	1	0	1	-1.11173	-1.11173	0	-0.339314	-0.339314	0	0.2	0.2	0	
3	0	3	0	10	0.511111	0.164303	0.511111	0	0.340741	3	3	3	0	3	-0.129722	-0.129722	0	0.519781	0.519781	0	1.02222	1.02222	0	
5	0	5	0	10	0.8	0.100133	0.8	0	0.285714	7	7	7	0	7	-0.812064	-0.812064	0	-0.602192	-0.602192	0	2	2	0	
6	0	6	0	10	0.888889	0.0754247	0.888889	0	0.422222	12	12	12	0	12	0.87829	0.87829	0	0.419528	0.419528	0	5.06667	5.06667	0	
6	0	6	0	10	0.777778	0.137437	0.777778	0	0.311111	8	8	8	0	8	-0.517192	-0.517192	0	-1.2724	-1.2724	0	2.48889	2.48889	0	
3	0	3	0	10	0.6	0.130537	0.6	0	0.511111	6	6	6	0	6	1.84476	1.84476	0	3.16697	3.16697	0	3.06667	3.06667	0	
4	0	4	0	10	0.733333	0.119889	0.733333	0	0.27037	6	6	6	0	6	-0.972735	-0.972735	0	0.137067	0.137067	0	1.62222	1.62222	0	
5	0	5	0	10	0.8	0.100133	0.8	0	0.288889	4	4	4	0	4	-0.701608	-0.701608	0	-1.89575	-1.89575	0	1.15556	1.15556	0	
2	0	2	0	10	0.355556	0.159109	0.355556	0	0.355556	1	1	1	0	1	0.014992	0.014992	0	0.4167	0.4167	0	0.355556	0.355556	0	
4	0	4	0	10	0.644444	0.151819	0.644444	0	0.251852	3	3	3	0	3	-1.03446	-1.03446	0	-1.46598	-1.46598	0	0.755556	0.755556	0	
6	0	6	0	10	0.888889	0.0754247	0.888889	0	0.387302	7	7	7	0	7	0.405194	0.405194	0	-1.06126	-1.06126	0	2.71111	2.71111	0	
5	0	5	0	10	0.8	0.100133	0.8	0	0.427778	8	8	8	0	8	0.90675	0.90675	0	0.629889	0.629889	0	3.42222	3.42222	0	
4	0	4	0	10	0.733333	0.100532	0.733333	0	0.292063	7	7	7	0	7	-0.735986	-0.735986	0	0.641374	0.641374	0	2.04444	2.04444	0	
2	0	2	0	10	0.555556	0.0745356	0.555556	0	0.555556	1	1	1	0	1	1.46364	1.46364	0	1.09586	1.09586	0	0.555556	0.555556	0	
7	0	7	0	10	0.911111	0.0773448	0.911111	0	0.285714	14	14	14	0	14	-0.878086	-0.878086	0	-1.28619	-1.28619	0	4	4	0	
6	0	6	0	10	0.777778	0.137437	0.777778	0	0.325926	12	12	12	0	12	-0.35215	-0.35215	0	-0.187994	-0.187994	0	3.91111	3.91111	0	
6	0	6	0	10	0.888889	0.0754247	0.888889	0	0.363889	16	16	16	0	16	0.136237	0.136237	0	0.750676	0.750676	0	5.82222	5.82222	0	
3	0	3	0	10	0.377778	0.181279	0.377778	0	0.2	2	2	2	0	2	-1.40085	-1.40085	0	-1.16394	-1.16394	0	0.4	0.4	0	
7	0	7	0	10	0.911111	0.0773448	0.911111	0	0.30101	11	11	11	0	11	-0.664739	-0.664739	0	-1.7795	-1.7795	0	3.31111	3.31111	0	
3	0	3	0	10	0.711111	0.0859974	0.711111	0	0.444444	2	2	2	0	2	0.830172	0.830172	0	0.253363	0.253363	0	0.888889	0.888889	0	
6	0	6	0	10	0.844444	0.102935	0.844444	0	0.225926	6	6	6	0	6	-1.49289	-1.49289	0	-2.92289	-2.92289	0	1.35556	1.35556	0	
3	0	3	0	10	0.622222	0.138307	0.622222	0	0.355556	3	3	3	0	3	0.0210669	0.0210669	0	0.602811	0.602811	0	1.06667	1.06667	0	
4	0	4	0	10	0.777778	0.0906765	0.777778	0	0.472222	8	8	8	0	8	1.4492	1.4492	0	2.15839	2.15839	0	3.77778	3.77778	0	
4	0	4	0	10	0.533333	0.180074	0.533333	0	0.284444	5	5	5	0	5	-0.783184	-0.783184	0	-0.141577	-0.141577	0	1.42222	1.42222	0	
3	0	3	0	10	0.711111	0.0859974	0.711111	0	0.488889	4	4	4	0	4	1.47066	1.47066	0	1.92679	1.92679	0	1.95556	1.95556	0	
3	0	3	0	10	0.6	0.130537	0.6	0	0.477778	12	12	12	0	12	1.58816	1.58816	0	5.43304	5.43304	0	5.73333	5.73333	0	
3	0	3	0	10	0.644444	0.101237	0.644444	0	0.422222	3	3	3	0	3	0.699617	0.699617	0	0.948883	0.948883	0	1.26667	1.26667	0	
5	0	5	0	10	0.8	0.100133	0.8	0	0.431111	10	10	10	0	10	0.973357	0.973357	0	1.18966	1.18966	0	4.31111	4.31111	0	
4	0	4	0	10	0.533333	0.180074	0.533333	0	0.215556	10	10	10	0	10	-1.72953	-1.72953	0	0.760374	0.760374	0	2.15556	2.15556	0	
4	0	4	0	10	0.733333	0.119889	0.733333	0	0.303704	3	3	3	0	3	-0.506695	-0.506695	0	-1.07085	-1.07085	0	0.911111	0.911111	0	
2	0	2	0	10	0.355556	0.159109	0.355556	0	0.355556	1	1	1	0	1	0.014992	0.014992	0	0.4167	0.4167	0	0.355556	0.355556	0	
6	0	6	0	10	0.888889	0.0754247	0.888889	0	0.392593	9	9	9	0	9	0.484432	0.484432	0	-0.426654	-0.426654	0	3.53333	3.53333	0	
4	0	4	0	10	0.533333	0.180074	0.533333	0	0.222222	12	12	12	0	12	-1.67724	-1.67724	0	1.2575	1.2575	0	2.66667	2.66667	0	
3	0	3	0	10	0.511111	0.164303	0.511111	0	0.277778	2	2	2	0	2	-0.69098	-0.69098	0	-0.593814	-0.593814	0	0.555556	0.555556	0	
6	0	6	0	10	0.777778	0.137437	0.777778	0	0.266667	11	11	11	0	11	-1.09979	-1.09979	0	-0.869882	-0.869882	0	2.93333	2.93333	0	
4	0	4	0	10	0.711111	0.117454	0.711111	0	0.316667	8	8	8	0	8	-0.449385	-0.449385	0	1.1346	1.1346	0	2.53333	2.53333	0	
6	0	6	0	10	0.866667	0.0850098	0.866667	0	0.377778	5	5	5	0	5	0.275561	0.275561	0	-1.98461	-1.98461	0	1.88889	1.88889	0	
1	0	1	0	10	0	0	0	0	0	0	0	0	0	0	0	0	0	0	0	0	0	0	0	
3	0	3	0	10	0.377778	0.181279	0.377778	0	0.32963	6	6	6	0	6	-0.279198	-0.279198	0	1.95473	1.95473	0	1.97778	1.97778	0	
4	0	4	0	10	0.733333	0.119889	0.733333	0	0.333333	7	7	7	0	7	-0.241474	-0.241474	0	0.941774	0.941774	0	2.33333	2.33333	0	
5	0	5	0	10	0.844444	0.0795543	0.844444	0	0.374603	7	7	7	0	7	0.253037	0.253037	0	0.0136386	0.0136386	0	2.62222	2.62222	0	
6	0	6	0	10	0.888889	0.0754247	0.888889	0	0.414815	9	9	9	0	9	0.759707	0.759707	0	-0.297122	-0.297122	0	3.73333	3.73333	0	
2	0	2	0	10	0.466667	0.131757	0.466667	0	0.466667	4	4	4	0	4	1.2293	1.2293	0	3.7793	3.7793	0	1.86667	1.86667	0	
2	0	2	0	10	0.355556	0.159109	0.355556	0	0.355556	9	9	9	0	9	0.0256393	0.0256393	0	5.64007	5.64007	0	3.2	3.2	0	
5	0	5	0	10	0.822222	0.0969307	0.822222	0	0.460317	7	7	7	0	7	1.2801	1.2801	0	0.488475	0.488475	0	3.22222	3.22222	0	
4	0	4	0	10	0.533333	0.180074	0.533333	0	0.2	6	6	6	0	6	-1.79631	-1.79631	0	-0.496767	-0.496767	0	1.2	1.2	0	
4	0	4	0	10	0.777778	0.0906765	0.777778	0	0.349206	7	7	7	0	7	-0.0512776	-0.0512776	0	1.05024	1.05024	0	2.44444	2.44444	0	
4	0	4	0	10	0.644444	0.151819	0.644444	0	0.251852	3	3	3	0	3	-1.03446	-1.03446	0	-1.46598	-1.46598	0	0.755556	0.755556	0	
5	0	5	0	10	0.822222	0.0969307	0.822222	0	0.377778	11	11	11	0	11	0.307721	0.307721	0	1.09835	1.09835	0	4.15556	4.15556	0	
1	0	1	0	10	0	0	0	0	0	0	0	0	0	0	0	0	0	0	0	0	0	0	0	
4	0	4	0	10	0.533333	0.180074	0.533333	0	0.2	5	5	5	0	5	-1.7411	-1.7411	0	-0.876332	-0.876332	0	1	1	0	
3	0	3	0	10	0.6	0.130537	0.6	0	0.333333	2	2	2	0	2	-0.183929	-0.183929	0	-0.27178	-0.27178	0	0.666667	0.666667	0	
4	0	4	0	10	0.644444	0.151819	0.644444	0	0.252778	8	8	8	0	8	-1.22916	-1.22916	0	0.616994	0.616994	0	2.02222	2.02222	0	
5	0	5	0	10	0.666667	0.163299	0.666667	0	0.306667	5	5	5	0	5	-0.531102	-0.531102	0	-1.21512	-1.21512	0	1.53333	1.53333	0	
4	0	4	0	10	0.777778	0.0906765	0.777778	0	0.391111	5	5	5	0	5	0.426811	0.426811	0	0.542604	0.542604	0	1.95556	1.95556	0	
7	0	7	0	10	0.911111	0.0773448	0.911111	0	0.22328	21	21	21	0	21	-1.7367	-1.7367	0	-0.892006	-0.892006	0	4.68889	4.68889	0	
5	0	5	0	10	0.8	0.100133	0.8	0	0.411111	8	8	8	0	8	0.70333	0.70333	0	0.536396	0.536396	0	3.28889	3.28889	0	
3	0	3	0	10	0.644444	0.101237	0.644444	0	0.466667	5	5	5	0	5	1.28389	1.28389	0	2.38099	2.38099	0	2.33333	2.33333	0	
2	0	2	0	10	0.555556	0.0745356	0.555556	0	0.555556	2	2	2	0	2	1.84427	1.84427	0	2.42917	2.42917	0	1.11111	1.11111	0	
3	0	3	0	10	0.511111	0.164303	0.511111	0	0.422222	12	12	12	0	12	0.87829	0.87829	0	4.92896	4.92896	0	5.06667	5.06667	0	
3	0	3	0	10	0.511111	0.164303	0.511111	0	0.346405	17	17	17	0	17	-0.0931406	-0.0931406	0	5.546	5.546	0	5.88889	5.88889	0	
6	0	6	0	10	0.844444	0.102935	0.844444	0	0.391111	5	5	5	0	5	0.426811	0.426811	0	-1.89204	-1.89204	0	1.95556	1.95556	0	
5	0	5	0	10	0.8	0.100133	0.8	0	0.35	4	4	4	0	4	-0.03786	-0.03786	0	-1.43006	-1.43006	0	1.4	1.4	0	
5	0	5	0	10	0.8	0.100133	0.8	0	0.335556	10	10	10	0	10	-0.22483	-0.22483	0	0.583521	0.583521	0	3.35556	3.35556	0	
3	0	3	0	10	0.644444	0.101237	0.644444	0	0.477778	6	6	6	0	6	1.45464	1.45464	0	2.96274	2.96274	0	2.86667	2.86667	0	
3	0	3	0	10	0.511111	0.164303	0.511111	0	0.428571	7	7	7	0	7	0.899706	0.899706	0	3.09964	3.09964	0	3	3	0	
4	0	4	0	10	0.644444	0.151819	0.644444	0	0.345679	9	9	9	0	9	-0.0967053	-0.0967053	0	1.64079	1.64079	0	3.11111	3.11111	0	
6	0	6	0	10	0.844444	0.102935	0.844444	0	0.339683	7	7	7	0	7	-0.165396	-0.165396	0	-1.38682	-1.38682	0	2.37778	2.37778	0	
2	0	2	0	10	0.2	0.154143	0.2	0	0.2	1	1	1	0	1	-1.11173	-1.11173	0	-0.339314	-0.339314	0	0.2	0.2	0	
3	0	3	0	10	0.511111	0.164303	0.511111	0	0.333333	7	7	7	0	7	-0.241474	-0.241474	0	2.38099	2.38099	0	2.33333	2.33333	0	
7	0	7	0	10	0.911111	0.0773448	0.911111	0	0.330159	7	7	7	0	7	-0.279514	-0.279514	0	-2.81475	-2.81475	0	2.31111	2.31111	0	
3	0	3	0	10	0.6	0.130537	0.6	0	0.288889	3	3	3	0	3	-0.657484	-0.657484	0	0.206017	0.206017	0	0.866667	0.866667	0	
6	0	6	0	10	0.844444	0.102935	0.844444	0	0.42037	12	12	12	0	12	0.854628	0.854628	0	0.409143	0.409143	0	5.04444	5.04444	0	
5	0	5	0	10	0.844444	0.0795543	0.844444	0	0.411111	4	4	4	0	4	0.625888	0.625888	0	-1.05189	-1.05189	0	1.64444	1.64444	0	
5	0	5	0	10	0.755556	0.129546	0.755556	0	0.337037	6	6	6	0	6	-0.192506	-0.192506	0	-0.57702	-0.57702	0	2.02222	2.02222	0	
4	0	4	0	10	0.533333	0.180074	0.533333	0	0.2	7	7	7	0	7	-1.83913	-1.83913	0	-0.174668	-0.174668	0	1.4	1.4	0	
2	0	2	0	10	0.2	0.154143	0.2	0	0.2	1	1	1	0	1	-1.11173	-1.11173	0	-0.339314	-0.339314	0	0.2	0.2	0	
3	0	3	0	10	0.6	0.130537	0.6	0	0.5	2	2	2	0	2	1.33722	1.33722	0	0.477271	0.477271	0	1	1	0	
5	0	5	0	10	0.844444	0.0795543	0.844444	0	0.438095	14	14	14	0	14	1.09625	1.09625	0	2.12316	2.12316	0	6.13333	6.13333	0	
2	0	2	0	10	0.555556	0.0745356	0.555556	0	0.555556	3	3	3	0	3	2.05672	2.05672	0	3.45142	3.45142	0	1.66667	1.66667	0	
5	0	5	0	10	0.8	0.100133	0.8	0	0.441667	8	8	8	0	8	1.07627	1.07627	0	0.705575	0.705575	0	3.53333	3.53333	0	
3	0	3	0	10	0.511111	0.164303	0.511111	0	0.290476	14	14	14	0	14	-0.816388	-0.816388	0	4.1026	4.1026	0	4.06667	4.06667	0	
6	0	6	0	10	0.888889	0.0754247	0.888889	0	0.375926	12	12	12	0	12	0.286732	0.286732	0	0.146296	0.146296	0	4.51111	4.51111	0	
7	0	7	0	10	0.933333	0.0619677	0.933333	0	0.388889	12	12	12	0	12	0.452368	0.452368	0	-0.903566	-0.903566	0	4.66667	4.66667	0	
3	0	3	0	10	0.377778	0.181279	0.377778	0	0.244444	7	7	7	0	7	-1.30658	-1.30658	0	1.60724	1.60724	0	1.71111	1.71111	0	
3	0	3	0	10	0.688889	0.103837	0.688889	0	0.515556	5	5	5	0	5	1.83847	1.83847	0	2.65502	2.65502	0	2.57778	2.57778	0	
5	0	5	0	10	0.666667	0.163299	0.666667	0	0.266667	5	5	5	0	5	-0.984849	-0.984849	0	-1.54678	-1.54678	0	1.33333	1.33333	0	
4	0	4	0	10	0.733333	0.100532	0.733333	0	0.444444	7	7	7	0	7	1.0899	1.0899	0	1.64079	1.64079	0	3.11111	3.11111	0	
3	0	3	0	10	0.688889	0.103837	0.688889	0	0.392593	3	3	3	0	3	0.398039	0.398039	0	0.800101	0.800101	0	1.17778	1.17778	0	
6	0	6	0	10	0.866667	0.0850098	0.866667	0	0.26	10	10	10	0	10	-1.17223	-1.17223	0	-1.16409	-1.16409	0	2.6	2.6	0	
3	0	3	0	10	0.6	0.130537	0.6	0	0.422222	6	6	6	0	6	0.804452	0.804452	0	2.60619	2.60619	0	2.53333	2.53333	0	
4	0	4	0	10	0.533333	0.180074	0.533333	0	0.238889	4	4	4	0	4	-1.24468	-1.24468	0	-0.971216	-0.971216	0	0.955556	0.955556	0	
7	0	7	0	10	0.911111	0.0773448	0.911111	0	0.367196	21	21	21	0	21	0.182867	0.182867	0	0.272964	0.272964	0	7.71111	7.71111	0	
5	0	5	0	10	0.8	0.100133	0.8	0	0.456566	11	11	11	0	11	1.30577	1.30577	0	1.58007	1.58007	0	5.02222	5.02222	0	
4	0	4	0	10	0.733333	0.119889	0.733333	0	0.273504	13	13	13	0	13	-1.02961	-1.02961	0	1.99217	1.99217	0	3.55556	3.55556	0	
1	0	1	0	10	0	0	0	0	0	0	0	0	0	0	0	0	0	0	0	0	0	0	0	
3	0	3	0	10	0.688889	0.103837	0.688889	0	0.433333	4	4	4	0	4	0.867251	0.867251	0	1.63731	1.63731	0	1.73333	1.73333	0	
4	0	4	0	10	0.777778	0.0906765	0.777778	0	0.455556	4	4	4	0	4	1.10861	1.10861	0	0.387679	0.387679	0	1.82222	1.82222	0	
2	0	2	0	10	0.2	0.154143	0.2	0	0.2	1	1	1	0	1	-1.11173	-1.11173	0	-0.339314	-0.339314	0	0.2	0.2	0	
6	0	6	0	10	0.888889	0.0754247	0.888889	0	0.347222	8	8	8	0	8	-0.0764479	-0.0764479	0	-1.00195	-1.00195	0	2.77778	2.77778	0	
5	0	5	0	10	0.666667	0.163299	0.666667	0	0.393939	11	11	11	0	11	0.512449	0.512449	0	1.20251	1.20251	0	4.33333	4.33333	0	
3	0	3	0	10	0.644444	0.101237	0.644444	0	0.377778	2	2	2	0	2	0.221711	0.221711	0	-0.0464656	-0.0464656	0	0.755556	0.755556	0	
3	0	3	0	10	0.688889	0.103837	0.688889	0	0.392593	3	3	3	0	3	0.398039	0.398039	0	0.800101	0.800101	0	1.17778	1.17778	0	
4	0	4	0	10	0.822222	0.0716163	0.822222	0	0.411111	6	6	6	0	6	0.674414	0.674414	0	1.07152	1.07152	0	2.46667	2.46667	0	
6	0	6	0	10	0.888889	0.0754247	0.888889	0	0.307937	7	7	7	0	7	-0.545789	-0.545789	0	-1.63705	-1.63705	0	2.15556	2.15556	0	
5	0	5	0	10	0.755556	0.129546	0.755556	0	0.344444	4	4	4	0	4	-0.0982008	-0.0982008	0	-1.46822	-1.46822	0	1.37778	1.37778	0	
5	0	5	0	10	0.8	0.100133	0.8	0	0.306667	5	5	5	0	5	-0.531102	-0.531102	0	-1.21512	-1.21512	0	1.53333	1.53333	0	
4	0	4	0	10	0.777778	0.0906765	0.777778	0	0.422222	7	7	7	0	7	0.823627	0.823627	0	1.51078	1.51078	0	2.95556	2.95556	0	
5	0	5	0	10	0.866667	0.0713676	0.866667	0	0.448485	11	11	11	0	11	1.20341	1.20341	0	1.5334	1.5334	0	4.93333	4.93333	0	
6	0	6	0	10	0.888889	0.0754247	0.888889	0	0.3	6	6	6	0	6	-0.625967	-0.625967	0	-2.11488	-2.11488	0	1.8	1.8	0	
5	0	5	0	10	0.822222	0.0969307	0.822222	0	0.333333	9	9	9	0	9	-0.249636	-0.249636	0	0.322457	0.322457	0	3	3	0	
4	0	4	0	10	0.711111	0.117454	0.711111	0	0.4	5	5	5	0	5	0.527643	0.527643	0	0.592409	0.592409	0	2	2	0	
5	0	5	0	10	0.8	0.100133	0.8	0	0.255556	12	12	12	0	12	-1.25132	-1.25132	0	0.373336	0.373336	0	3.06667	3.06667	0	
6	0	6	0	10	0.888889	0.0754247	0.888889	0	0.322222	6	6	6	0	6	-0.36589	-0.36589	0	-1.92244	-1.92244	0	1.93333	1.93333	0	
5	0	5	0	10	0.844444	0.0795543	0.844444	0	0.342593	12	12	12	0	12	-0.139189	-0.139189	0	1.07182	1.07182	0	4.11111	4.11111	0	
3	0	3	0	10	0.511111	0.164303	0.511111	0	0.305556	8	8	8	0	8	-0.584999	-0.584999	0	2.50725	2.50725	0	2.44444	2.44444	0	
3	0	3	0	10	0.733333	0.0764199	0.733333	0	0.493333	5	5	5	0	5	1.58639	1.58639	0	2.53215	2.53215	0	2.46667	2.46667	0	
2	0	2	0	10	0.2	0.154143	0.2	0	0.2	1	1	1	0	1	-1.11173	-1.11173	0	-0.339314	-0.339314	0	0.2	0.2	0	
7	0	7	0	10	0.911111	0.0773448	0.911111	0	0.330864	9	9	9	0	9	-0.280222	-0.280222	0	-2.07058	-2.07058	0	2.97778	2.97778	0	
3	0	3	0	10	0.711111	0.0859974	0.711111	0	0.444444	4	4	4	0	4	0.987933	0.987933	0	1.69679	1.69679	0	1.77778	1.77778	0	
4	0	4	0	10	0.8	0.0888444	0.8	0	0.391111	5	5	5	0	5	0.426811	0.426811	0	0.542604	0.542604	0	1.95556	1.95556	0	
5	0	5	0	10	0.822222	0.0969307	0.822222	0	0.364444	5	5	5	0	5	0.124312	0.124312	0	-0.815009	-0.815009	0	1.82222	1.82222	0	
4	0	4	0	10	0.733333	0.100532	0.733333	0	0.311111	3	3	3	0	3	-0.4313	-0.4313	0	-1.02041	-1.02041	0	0.933333	0.933333	0	
5	0	5	0	10	0.8	0.100133	0.8	0	0.302564	13	13	13	0	13	-0.655517	-0.655517	0	0.963511	0.963511	0	3.93333	3.93333	0	
6	0	6	0	10	0.888889	0.0754247	0.888889	0	0.340741	12	12	12	0	12	-0.162851	-0.162851	0	-0.0838703	-0.0838703	0	4.08889	4.08889	0	
6	0	6	0	10	0.844444	0.102935	0.844444	0	0.27037	6	6	6	0	6	-0.972735	-0.972735	0	-2.40264	-2.40264	0	1.62222	1.62222	0	
3	0	3	0	10	0.377778	0.181279	0.377778	0	0.2	2	2	2	0	2	-1.40085	-1.40085	0	-1.16394	-1.16394	0	0.4	0.4	0	
4	0	4	0	10	0.777778	0.0906765	0.777778	0	0.434921	7	7	7	0	7	0.975784	0.975784	0	1.58557	1.58557	0	3.04444	3.04444	0	
4	0	4	0	10	0.777778	0.0906765	0.777778	0	0.391111	5	5	5	0	5	0.426811	0.426811	0	0.542604	0.542604	0	1.95556	1.95556	0	
4	0	4	0	10	0.777778	0.0906765	0.777778	0	0.403175	7	7	7	0	7	0.595391	0.595391	0	1.39593	1.39593	0	2.82222	2.82222	0	
2	0	2	0	10	0.466667	0.131757	0.466667	0	0.466667	7	7	7	0	7	1.35618	1.35618	0	5.72197	5.72197	0	3.26667	3.26667	0	
6	0	6	0	10	0.777778	0.137437	0.777778	0	0.416049	18	18	18	0	18	0.826294	0.826294	0	1.37117	1.37117	0	7.48889	7.48889	0	
4	0	4	0	10	0.777778	0.0906765	0.777778	0	0.4	3	3	3	0	3	0.473434	0.473434	0	-0.496767	-0.496767	0	1.2	1.2	0	
5	0	5	0	10	0.755556	0.129546	0.755556	0	0.447619	7	7	7	0	7	1.12794	1.12794	0	0.423273	0.423273	0	3.13333	3.13333	0	
4	0	4	0	10	0.733333	0.119889	0.733333	0	0.285185	6	6	6	0	6	-0.799351	-0.799351	0	0.251449	0.251449	0	1.71111	1.71111	0	
5	0	5	0	10	0.8	0.100133	0.8	0	0.373333	5	5	5	0	5	0.225145	0.225145	0	-0.759769	-0.759769	0	1.86667	1.86667	0	
5	0	5	0	10	0.666667	0.163299	0.666667	0	0.322222	6	6	6	0	6	-0.36589	-0.36589	0	-0.679525	-0.679525	0	1.93333	1.93333	0	
5	0	5	0	10	0.822222	0.0969307	0.822222	0	0.277778	4	4	4	0	4	-0.82229	-0.82229	0	-1.99329	-1.99329	0	1.11111	1.11111	0	
3	0	3	0	10	0.511111	0.164303	0.511111	0	0.316667	4	4	4	0	4	-0.399905	-0.399905	0	0.948883	0.948883	0	1.26667	1.26667	0	
6	0	6	0	10	0.888889	0.0754247	0.888889	0	0.307407	6	6	6	0	6	-0.539275	-0.539275	0	-2.04872	-2.04872	0	1.84444	1.84444	0	
6	0	6	0	10	0.911111	0.0620394	0.911111	0	0.342222	10	10	10	0	10	-0.141235	-0.141235	0	-0.502077	-0.502077	0	3.42222	3.42222	0	
4	0	4	0	10	0.644444	0.151819	0.644444	0	0.231111	5	5	5	0	5	-1.38818	-1.38818	0	-0.575329	-0.575329	0	1.15556	1.15556	0	
2	0	2	0	10	0.555556	0.0745356	0.555556	0	0.555556	5	5	5	0	5	2.29222	2.29222	0	5.10018	5.10018	0	2.77778	2.77778	0	
5	0	5	0	10	0.866667	0.0713676	0.866667	0	0.405128	13	13	13	0	13	0.664796	0.664796	0	1.70566	1.70566	0	5.26667	5.26667	0	
7	0	7	0	10	0.933333	0.0619677	0.933333	0	0.273333	10	10	10	0	10	-1.00504	-1.00504	0	-2.31399	-2.31399	0	2.73333	2.73333	0	
3	0	3	0	10	0.622222	0.138307	0.622222	0	0.444444	2	2	2	0	2	0.830172	0.830172	0	0.253363	0.253363	0	0.888889	0.888889	0	
5	0	5	0	10	0.755556	0.129546	0.755556	0	0.255556	6	6	6	0	6	-1.14612	-1.14612	0	-1.21512	-1.21512	0	1.53333	1.53333	0	
6	0	6	0	10	0.866667	0.0850098	0.866667	0	0.333333	9	9	9	0	9	-0.249636	-0.249636	0	-0.815767	-0.815767	0	3	3	0	
7	0	7	0	10	0.911111	0.0773448	0.911111	0	0.259722	16	16	16	0	16	-1.22791	-1.22791	0	-1.19003	-1.19003	0	4.15556	4.15556	0	
5	0	5	0	10	0.866667	0.0713676	0.866667	0	0.418519	6	6	6	0	6	0.761106	0.761106	0	-0.0849915	-0.0849915	0	2.51111	2.51111	0	
3	0	3	0	10	0.377778	0.181279	0.377778	0	0.2	3	3	3	0	3	-1.56222	-1.56222	0	-0.458608	-0.458608	0	0.6	0.6	0	
3	0	3	0	10	0.6	0.130537	0.6	0	0.266667	8	8	8	0	8	-1.05965	-1.05965	0	2.14576	2.14576	0	2.13333	2.13333	0	
3	0	3	0	10	0.511111	0.164303	0.511111	0	0.277778	2	2	2	0	2	-0.69098	-0.69098	0	-0.593814	-0.593814	0	0.555556	0.555556	0	
5	0	5	0	10	0.822222	0.0969307	0.822222	0	0.404444	5	5	5	0	5	0.57806	0.57806	0	-0.57702	-0.57702	0	2.02222	2.02222	0	
3	0	3	0	10	0.688889	0.103837	0.688889	0	0.540741	6	6	6	0	6	2.19152	2.19152	0	3.34314	3.34314	0	3.24444	3.24444	0	
5	0	5	0	10	0.755556	0.129546	0.755556	0	0.311111	8	8	8	0	8	-0.517192	-0.517192	0	-0.105213	-0.105213	0	2.48889	2.48889	0	
3	0	3	0	10	0.622222	0.138307	0.622222	0	0.355556	5	5	5	0	5	0.0234791	0.0234791	0	1.69679	1.69679	0	1.77778	1.77778	0	
3	0	3	0	10	0.733333	0.0764199	0.733333	0	0.466667	2	2	2	0	2	1.03299	1.03299	0	0.345355	0.345355	0	0.933333	0.933333	0	
6	0	6	0	10	0.888889	0.0754247	0.888889	0	0.416667	8	8	8	0	8	0.771137	0.771137	0	-0.564373	-0.564373	0	3.33333	3.33333	0	
6	0	6	0	10	0.888889	0.0754247	0.888889	0	0.381481	6	6	6	0	6	0.327646	0.327646	0	-1.48324	-1.48324	0	2.28889	2.28889	0	
4	0	4	0	10	0.777778	0.0906765	0.777778	0	0.36	5	5	5	0	5	0.0738955	0.0738955	0	0.360986	0.360986	0	1.8	1.8	0	
4	0	4	0	10	0.533333	0.180074	0.533333	0	0.337778	5	5	5	0	5	-0.178187	-0.178187	0	0.223331	0.223331	0	1.68889	1.68889	0	
5	0	5	0	10	0.666667	0.163299	0.666667	0	0.315152	11	11	11	0	11	-0.485602	-0.485602	0	0.660396	0.660396	0	3.46667	3.46667	0	
1	0	1	0	10	0	0	0	0	0	0	0	0	0	0	0	0	0	0	0	0	0	0	0	
5	0	5	0	10	0.666667	0.163299	0.666667	0	0.231111	5	5	5	0	5	-1.38818	-1.38818	0	-1.89575	-1.89575	0	1.15556	1.15556	0	
4	0	4	0	10	0.733333	0.119889	0.733333	0	0.405556	4	4	4	0	4	0.565548	0.565548	0	0.137067	0.137067	0	1.62222	1.62222	0	
6	0	6	0	10	0.866667	0.0850098	0.866667	0	0.260317	7	7	7	0	7	-1.11638	-1.11638	0	-2.08154	-2.08154	0	1.82222	1.82222	0	
4	0	4	0	10	0.711111	0.117454	0.711111	0	0.422222	6	6	6	0	6	0.804452	0.804452	0	1.1346	1.1346	0	2.53333	2.53333	0	
4	0	4	0	10	0.711111	0.117454	0.711111	0	0.362963	6	6	6	0	6	0.110916	0.110916	0	0.783627	0.783627	0	2.17778	2.17778	0	
5	0	5	0	10	0.866667	0.0713676	0.866667	0	0.435556	5	5	5	0	5	0.930975	0.930975	0	-0.408508	-0.408508	0	2.17778	2.17778	0	
5	0	5	0	10	0.866667	0.0713676	0.866667	0	0.480423	21	21	21	0	21	1.69312	1.69312	0	3.67762	3.67762	0	10.0889	10.0889	0	
4	0	4	0	10	0.533333	0.180074	0.533333	0	0.2	5	5	5	0	5	-1.7411	-1.7411	0	-0.876332	-0.876332	0	1	1	0	
1	0	1	0	10	0	0	0	0	0	0	0	0	0	0	0	0	0	0	0	0	0	0	0	
5	0	5	0	10	0.822222	0.0969307	0.822222	0	0.395062	9	9	9	0	9	0.515018	0.515018	0	0.720485	0.720485	0	3.55556	3.55556	0	
4	0	4	0	10	0.644444	0.151819	0.644444	0	0.238889	4	4	4	0	4	-1.24468	-1.24468	0	-0.971216	-0.971216	0	0.955556	0.955556	0	
5	0	5	0	10	0.844444	0.0795543	0.844444	0	0.35	4	4	4	0	4	-0.03786	-0.03786	0	-1.43006	-1.43006	0	1.4	1.4	0	
7	0	7	0	10	0.911111	0.0773448	0.911111	0	0.320988	9	9	9	0	9	-0.402567	-0.402567	0	-2.15581	-2.15581	0	2.88889	2.88889	0	
8	0	8	0	10	0.955556	0.0594045	0.955556	0	0.275	8	8	8	0	8	-0.957936	-0.957936	0	-4.69764	-4.69764	0	2.2	2.2	0	
4	0	4	0	10	0.644444	0.151819	0.644444	0	0.251852	3	3	3	0	3	-1.03446	-1.03446	0	-1.46598	-1.46598	0	0.755556	0.755556	0	
4	0	4	0	10	0.644444	0.151819	0.644444	0	0.293333	5	5	5	0	5	-0.682351	-0.682351	0	-0.0767804	-0.0767804	0	1.46667	1.46667	0	
5	0	5	0	10	0.844444	0.0795543	0.844444	0	0.412698	7	7	7	0	7	0.709509	0.709509	0	0.235427	0.235427	0	2.88889	2.88889	0	
3	0	3	0	10	0.644444	0.101237	0.644444	0	0.311111	3	3	3	0	3	-0.4313	-0.4313	0	0.345355	0.345355	0	0.933333	0.933333	0	
5	0	5	0	10	0.8	0.100133	0.8	0	0.430303	11	11	11	0	11	0.973088	0.973088	0	1.42632	1.42632	0	4.73333	4.73333	0	
6	0	6	0	10	0.888889	0.0754247	0.888889	0	0.4125	16	16	16	0	16	0.772839	0.772839	0	1.05564	1.05564	0	6.6	6.6	0	
7	0	7	0	10	0.911111	0.0773448	0.911111	0	0.34152	19	19	19	0	19	-0.1586	-0.1586	0	-0.124477	-0.124477	0	6.48889	6.48889	0	
3	0	3	0	10	0.711111	0.0859974	0.711111	0	0.488889	4	4	4	0	4	1.47066	1.47066	0	1.92679	1.92679	0	1.95556	1.95556	0	
4	0	4	0	10	0.733333	0.119889	0.733333	0	0.361111	8	8	8	0	8	0.0930691	0.0930691	0	1.45377	1.45377	0	2.88889	2.88889	0	
3	0	3	0	10	0.6	0.130537	0.6	0	0.488889	3	3	3	0	3	1.37817	1.37817	0	1.26028	1.26028	0	1.46667	1.46667	0	
3	0	3	0	10	0.377778	0.181279	0.377778	0	0.2	2	2	2	0	2	-1.40085	-1.40085	0	-1.16394	-1.16394	0	0.4	0.4	0	
3	0	3	0	10	0.6	0.130537	0.6	0	0.422222	6	6	6	0	6	0.804452	0.804452	0	2.60619	2.60619	0	2.53333	2.53333	0	
4	0	4	0	10	0.711111	0.117454	0.711111	0	0.35	4	4	4	0	4	-0.03786	-0.03786	0	-0.174668	-0.174668	0	1.4	1.4	0	
3	0	3	0	10	0.377778	0.181279	0.377778	0	0.277778	2	2	2	0	2	-0.69098	-0.69098	0	-0.593814	-0.593814	0	0.555556	0.555556	0	
4	0	4	0	10	0.733333	0.119889	0.733333	0	0.452778	8	8	8	0	8	1.21188	1.21188	0	2.04263	2.04263	0	3.62222	3.62222	0	
4	0	4	0	10	0.777778	0.0906765	0.777778	0	0.457778	5	5	5	0	5	1.18306	1.18306	0	0.897377	0.897377	0	2.28889	2.28889	0	
2	0	2	0	10	0.533333	0.0946573	0.533333	0	0.533333	5	5	5	0	5	2.04014	2.04014	0	4.95148	4.95148	0	2.66667	2.66667	0	
5	0	5	0	10	0.755556	0.129546	0.755556	0	0.319444	16	16	16	0	16	-0.445798	-0.445798	0	1.62619	1.62619	0	5.11111	5.11111	0	
4	0	4	0	10	0.8	0.0758947	0.8	0	0.422222	6	6	6	0	6	0.804452	0.804452	0	1.1346	1.1346	0	2.53333	2.53333	0	
3	0	3	0	10	0.6	0.130537	0.6	0	0.283333	4	4	4	0	4	-0.761949	-0.761949	0	0.722822	0.722822	0	1.13333	1.13333	0	
3	0	3	0	10	0.6	0.130537	0.6	0	0.306667	5	5	5	0	5	-0.531102	-0.531102	0	1.35813	1.35813	0	1.53333	1.53333	0	
6	0	6	0	10	0.888889	0.0754247	0.888889	0	0.303704	9	9	9	0	9	-0.61667	-0.61667	0	-1.0413	-1.0413	0	2.73333	2.73333	0	
3	0	3	0	10	0.622222	0.138307	0.622222	0	0.355556	2	2	2	0	2	0.0188908	0.0188908	0	-0.156119	-0.156119	0	0.711111	0.711111	0	
4	0	4	0	10	0.644444	0.151819	0.644444	0	0.305556	4	4	4	0	4	-0.520586	-0.520586	0	-0.458546	-0.458546	0	1.22222	1.22222	0	
6	0	6	0	10	0.844444	0.102935	0.844444	0	0.328889	5	5	5	0	5	-0.279019	-0.279019	0	-2.36445	-2.36445	0	1.64444	1.64444	0	
3	0	3	0	10	0.377778	0.181279	0.377778	0	0.2	3	3	3	0	3	-1.56222	-1.56222	0	-0.458608	-0.458608	0	0.6	0.6	0	
4	0	4	0	10	0.8	0.0888444	0.8	0	0.414815	9	9	9	0	9	0.759707	0.759707	0	2.1256	2.1256	0	3.73333	3.73333	0	
7	0	7	0	10	0.911111	0.0773448	0.911111	0	0.394444	8	8	8	0	8	0.49991	0.49991	0	-1.91013	-1.91013	0	3.15556	3.15556	0	
4	0	4	0	10	0.8	0.0888444	0.8	0	0.4	4	4	4	0	4	0.505207	0.505207	0	0.107641	0.107641	0	1.6	1.6	0	
5	0	5	0	10	0.666667	0.163299	0.666667	0	0.282051	13	13	13	0	13	-0.91958	-0.91958	0	0.79395	0.79395	0	3.66667	3.66667	0	
3	0	3	0	10	0.644444	0.101237	0.644444	0	0.377778	2	2	2	0	2	0.221711	0.221711	0	-0.0464656	-0.0464656	0	0.755556	0.755556	0	
4	0	4	0	10	0.733333	0.119889	0.733333	0	0.373333	5	5	5	0	5	0.225145	0.225145	0	0.44029	0.44029	0	1.86667	1.86667	0	
4	0	4	0	10	0.711111	0.117454	0.711111	0	0.266667	4	4	4	0	4	-0.942971	-0.942971	0	-0.741892	-0.741892	0	1.06667	1.06667	0	
6	0	6	0	10	0.888889	0.0754247	0.888889	0	0.291667	8	8	8	0	8	-0.754516	-0.754516	0	-1.43446	-1.43446	0	2.33333	2.33333	0	
3	0	3	0	10	0.511111	0.164303	0.511111	0	0.32963	6	6	6	0	6	-0.279198	-0.279198	0	1.95473	1.95473	0	1.97778	1.97778	0	
4	0	4	0	10	0.644444	0.151819	0.644444	0	0.231111	5	5	5	0	5	-1.38818	-1.38818	0	-0.575329	-0.575329	0	1.15556	1.15556	0	
5	0	5	0	10	0.755556	0.129546	0.755556	0	0.396825	7	7	7	0	7	0.519312	0.519312	0	0.145374	0.145374	0	2.77778	2.77778	0	
8	0	8	0	10	0.955556	0.0594045	0.955556	0	0.388889	18	18	18	0	18	0.467578	0.467578	0	-1.12654	-1.12654	0	7	7	0	
6	0	6	0	10	0.844444	0.102935	0.844444	0	0.333333	10	10	10	0	10	-0.252695	-0.252695	0	-0.564373	-0.564373	0	3.33333	3.33333	0	
2	0	2	0	10	0.533333	0.0946573	0.533333	0	0.533333	8	8	8	0	8	2.19508	2.19508	0	6.85861	6.85861	0	4.26667	4.26667	0	
4	0	4	0	10	0.8	0.0758947	0.8	0	0.4	11	11	11	0	11	0.589222	0.589222	0	2.59691	2.59691	0	4.4	4.4	0	
5	0	5	0	10	0.755556	0.129546	0.755556	0	0.305556	4	4	4	0	4	-0.520586	-0.520586	0	-1.75772	-1.75772	0	1.22222	1.22222	0	
6	0	6	0	10	0.888889	0.0754247	0.888889	0	0.436508	14	14	14	0	14	1.07568	1.07568	0	0.867626	0.867626	0	6.11111	6.11111	0	
3	0	3	0	10	0.6	0.130537	0.6	0	0.5	2	2	2	0	2	1.33722	1.33722	0	0.477271	0.477271	0	1	1	0	
4	0	4	0	10	0.733333	0.119889	0.733333	0	0.486869	11	11	11	0	11	1.68964	1.68964	0	3.2098	3.2098	0	5.35556	5.35556	0	
5	0	5	0	10	0.755556	0.129546	0.755556	0	0.365079	7	7	7	0	7	0.138919	0.138919	0	-0.0450542	-0.0450542	0	2.55556	2.55556	0	
5	0	5	0	10	0.866667	0.0713676	0.866667	0	0.395556	5	5	5	0	5	0.477227	0.477227	0	-0.627661	-0.627661	0	1.97778	1.97778	0	
5	0	5	0	10	0.844444	0.0795543	0.844444	0	0.36	5	5	5	0	5	0.0738955	0.0738955	0	-0.843184	-0.843184	0	1.8	1.8	0	
6	0	6	0	10	0.844444	0.102935	0.844444	0	0.281481	6	6	6	0	6	-0.842697	-0.842697	0	-2.29007	-2.29007	0	1.68889	1.68889	0	
6	0	6	0	10	0.911111	0.0620394	0.911111	0	0.338562	17	17	17	0	17	-0.196313	-0.196313	0	0.723	0.723	0	5.75556	5.75556	0	
4	0	4	0	10	0.777778	0.0906765	0.777778	0	0.438095	7	7	7	0	7	1.01382	1.01382	0	1.60405	1.60405	0	3.06667	3.06667	0	
2	0	2	0	10	0.466667	0.131757	0.466667	0	0.466667	4	4	4	0	4	1.2293	1.2293	0	3.7793	3.7793	0	1.86667	1.86667	0	
3	0	3	0	10	0.511111	0.164303	0.511111	0	0.251852	3	3	3	0	3	-1.03446	-1.03446	0	-0.0464656	-0.0464656	0	0.755556	0.755556	0	
4	0	4	0	10	0.533333	0.180074	0.533333	0	0.2	8	8	8	0	8	-1.87333	-1.87333	0	0.107641	0.107641	0	1.6	1.6	0	
1	0	1	0	10	0	0	0	0	0	0	0	0	0	0	0	0	0	0	0	0	0	0	0	
6	0	6	0	10	0.888889	0.0754247	0.888889	0	0.311111	8	8	8	0	8	-0.517192	-0.517192	0	-1.2724	-1.2724	0	2.48889	2.48889	0	
3	0	3	0	10	0.6	0.130537	0.6	0	0.377778	3	3	3	0	3	0.24725	0.24725	0	0.722822	0.722822	0	1.13333	1.13333	0	
5	0	5	0	10	0.844444	0.0795543	0.844444	0	0.284444	5	5	5	0	5	-0.783184	-0.783184	0	-1.39262	-1.39262	0	1.42222	1.42222	0	
2	0	2	0	10	0.533333	0.0946573	0.533333	0	0.533333	1	1	1	0	1	1.30268	1.30268	0	1.02917	1.02917	0	0.533333	0.533333	0	
5	0	5	0	10	0.755556	0.129546	0.755556	0	0.404444	5	5	5	0	5	0.57806	0.57806	0	-0.57702	-0.57702	0	2.02222	2.02222	0	
3	0	3	0	10	0.511111	0.164303	0.511111	0	0.277778	2	2	2	0	2	-0.69098	-0.69098	0	-0.593814	-0.593814	0	0.555556	0.555556	0	
4	0	4	0	10	0.533333	0.180074	0.533333	0	0.266667	4	4	4	0	4	-0.942971	-0.942971	0	-0.741892	-0.741892	0	1.06667	1.06667	0	
3	0	3	0	10	0.711111	0.0859974	0.711111	0	0.51358	9	9	9	0	9	1.98315	1.98315	0	4.57309	4.57309	0	4.62222	4.62222	0	
4	0	4	0	10	0.644444	0.151819	0.644444	0	0.390476	7	7	7	0	7	0.443234	0.443234	0	1.31745	1.31745	0	2.73333	2.73333	0	
6	0	6	0	10	0.844444	0.102935	0.844444	0	0.330159	7	7	7	0	7	-0.279514	-0.279514	0	-1.4587	-1.4587	0	2.31111	2.31111	0	
3	0	3	0	10	0.733333	0.0764199	0.733333	0	0.466667	6	6	6	0	6	1.3246	1.3246	0	2.89313	2.89313	0	2.8	2.8	0	
4	0	4	0	10	0.644444	0.151819	0.644444	0	0.225926	6	6	6	0	6	-1.49289	-1.49289	0	-0.242321	-0.242321	0	1.35556	1.35556	0	
4	0	4	0	10	0.533333	0.180074	0.533333	0	0.2	4	4	4	0	4	-1.66706	-1.66706	0	-1.34464	-1.34464	0	0.8	0.8	0	
3	0	3	0	10	0.511111	0.164303	0.511111	0	0.277778	2	2	2	0	2	-0.69098	-0.69098	0	-0.593814	-0.593814	0	0.555556	0.555556	0	
3	0	3	0	10	0.622222	0.138307	0.622222	0	0.355556	2	2	2	0	2	0.0188908	0.0188908	0	-0.156119	-0.156119	0	0.711111	0.711111	0	
3	0	3	0	10	0.6	0.130537	0.6	0	0.48	5	5	5	0	5	1.43514	1.43514	0	2.4571	2.4571	0	2.4	2.4	0	
4	0	4	0	10	0.733333	0.119889	0.733333	0	0.422222	5	5	5	0	5	0.779726	0.779726	0	0.713335	0.713335	0	2.11111	2.11111	0	
3	0	3	0	10	0.6	0.130537	0.6	0	0.506667	5	5	5	0	5	1.73764	1.73764	0	2.60619	2.60619	0	2.53333	2.53333	0	
3	0	3	0	10	0.644444	0.101237	0.644444	0	0.477778	6	6	6	0	6	1.45464	1.45464	0	2.96274	2.96274	0	2.86667	2.86667	0	
5	0	5	0	10	0.666667	0.163299	0.666667	0	0.412698	7	7	7	0	7	0.709509	0.709509	0	0.235427	0.235427	0	2.88889	2.88889	0	
3	0	3	0	10	0.6	0.130537	0.6	0	0.422222	3	3	3	0	3	0.699617	0.699617	0	0.948883	0.948883	0	1.26667	1.26667	0	
5	0	5	0	10	0.8	0.100133	0.8	0	0.311111	6	6	6	0	6	-0.495928	-0.495928	0	-0.759769	-0.759769	0	1.86667	1.86667	0	
4	0	4	0	10	0.644444	0.151819	0.644444	0	0.336111	8	8	8	0	8	-0.212061	-0.212061	0	1.27759	1.27759	0	2.68889	2.68889	0	
5	0	5	0	10	0.822222	0.0969307	0.822222	0	0.316667	4	4	4	0	4	-0.399905	-0.399905	0	-1.67067	-1.67067	0	1.26667	1.26667	0	
4	0	4	0	10	0.644444	0.151819	0.644444	0	0.362963	3	3	3	0	3	0.0964614	0.0964614	0	-0.698978	-0.698978	0	1.08889	1.08889	0	
6	0	6	0	10	0.866667	0.0850098	0.866667	0	0.271111	5	5	5	0	5	-0.934433	-0.934433	0	-2.92289	-2.92289	0	1.35556	1.35556	0	
5	0	5	0	10	0.866667	0.0713676	0.866667	0	0.464444	10	10	10	0	10	1.39133	1.39133	0	1.37774	1.37774	0	4.64444	4.64444	0	
3	0	3	0	10	0.377778	0.181279	0.377778	0	0.277778	4	4	4	0	4	-0.82229	-0.82229	0	0.683388	0.683388	0	1.11111	1.11111	0	
3	0	3	0	10	0.688889	0.103837	0.688889	0	0.455556	2	2	2	0	2	0.931582	0.931582	0	0.299793	0.299793	0	0.911111	0.911111	0	
6	0	6	0	10	0.866667	0.0850098	0.866667	0	0.226667	10	10	10	0	10	-1.5902	-1.5902	0	-1.50808	-1.50808	0	2.26667	2.26667	0	
4	0	4	0	10	0.822222	0.0716163	0.822222	0	0.411111	4	4	4	0	4	0.625888	0.625888	0	0.16615	0.16615	0	1.64444	1.64444	0	
4	0	4	0	10	0.644444	0.151819	0.644444	0	0.306667	5	5	5	0	5	-0.531102	-0.531102	0	0.0171927	0.0171927	0	1.53333	1.53333	0	
4	0	4	0	10	0.711111	0.117454	0.711111	0	0.438095	7	7	7	0	7	1.01382	1.01382	0	1.60405	1.60405	0	3.06667	3.06667	0	
4	0	4	0	10	0.777778	0.0906765	0.777778	0	0.488889	14	14	14	0	14	1.75436	1.75436	0	4.05823	4.05823	0	6.84444	6.84444	0	
7	0	7	0	10	0.866667	0.107207	0.866667	0	0.315556	10	10	10	0	10	-0.475613	-0.475613	0	-1.91013	-1.91013	0	3.15556	3.15556	0	
4	0	4	0	10	0.644444	0.151819	0.644444	0	0.288889	3	3	3	0	3	-0.657484	-0.657484	0	-1.1758	-1.1758	0	0.866667	0.866667	0	
5	0	5	0	10	0.755556	0.129546	0.755556	0	0.253333	5	5	5	0	5	-1.1361	-1.1361	0	-1.67067	-1.67067	0	1.26667	1.26667	0	
6	0	6	0	10	0.844444	0.102935	0.844444	0	0.352778	8	8	8	0	8	-0.00864111	-0.00864111	0	-0.963344	-0.963344	0	2.82222	2.82222	0	
3	0	3	0	10	0.733333	0.0764199	0.733333	0	0.488889	3	3	3	0	3	1.37817	1.37817	0	1.26028	1.26028	0	1.46667	1.46667	0	
4	0	4	0	10	0.644444	0.151819	0.644444	0	0.238889	4	4	4	0	4	-1.24468	-1.24468	0	-0.971216	-0.971216	0	0.955556	0.955556	0	
4	0	4	0	10	0.733333	0.119889	0.733333	0	0.405556	4	4	4	0	4	0.565548	0.565548	0	0.137067	0.137067	0	1.62222	1.62222	0	
4	0	4	0	10	0.777778	0.0906765	0.777778	0	0.419444	8	8	8	0	8	0.80504	0.80504	0	1.83743	1.83743	0	3.35556	3.35556	0	
1	0	1	0	10	0	0	0	0	0	0	0	0	0	0	0	0	0	0	0	0	0	0	0	
2	0	2	0	10	0.466667	0.131757	0.466667	0	0.466667	1	1	1	0	1	0.819796	0.819796	0	0.818008	0.818008	0	0.466667	0.466667	0	
4	0	4	0	10	0.644444	0.151819	0.644444	0	0.307407	6	6	6	0	6	-0.539275	-0.539275	0	0.414112	0.414112	0	1.84444	1.84444	0	
3	0	3	0	10	0.377778	0.181279	0.377778	0	0.2	4	4	4	0	4	-1.66706	-1.66706	0	0.0579335	0.0579335	0	0.8	0.8	0	
3	0	3	0	10	0.6	0.130537	0.6	0	0.237037	18	18	18	0	18	-1.53797	-1.53797	0	4.27551	4.27551	0	4.26667	4.26667	0	
2	0	2	0	10	0.355556	0.159109	0.355556	0	0.355556	4	4	4	0	4	0.0224807	0.0224807	0	3.02501	3.02501	0	1.42222	1.42222	0	
4	0	4	0	10	0.711111	0.117454	0.711111	0	0.438095	7	7	7	0	7	1.01382	1.01382	0	1.60405	1.60405	0	3.06667	3.06667	0	
5	0	5	0	10	0.822222	0.0969307	0.822222	0	0.419048	14	14	14	0	14	0.849456	0.849456	0	1.99886	1.99886	0	5.86667	5.86667	0	
5	0	5	0	10	0.822222	0.0969307	0.822222	0	0.463492	7	7	7	0	7	1.31814	1.31814	0	0.504539	0.504539	0	3.24444	3.24444	0	
4	0	4	0	10	0.711111	0.117454	0.711111	0	0.288889	3	3	3	0	3	-0.657484	-0.657484	0	-1.1758	-1.1758	0	0.866667	0.866667	0	
3	0	3	0	10	0.377778	0.181279	0.377778	0	0.2	3	3	3	0	3	-1.56222	-1.56222	0	-0.458608	-0.458608	0	0.6	0.6	0	
4	0	4	0	10	0.777778	0.0906765	0.777778	0	0.50303	11	11	11	0	11	1.89437	1.89437	0	3.31724	3.31724	0	5.53333	5.53333	0	
5	0	5	0	10	0.844444	0.0795543	0.844444	0	0.372222	4	4	4	0	4	0.203503	0.203503	0	-1.28426	-1.28426	0	1.48889	1.48889	0	
4	0	4	0	10	0.711111	0.117454	0.711111	0	0.390476	7	7	7	0	7	0.443234	0.443234	0	1.31745	1.31745	0	2.73333	2.73333	0	
5	0	5	0	10	0.755556	0.129546	0.755556	0	0.455556	8	8	8	0	8	1.24578	1.24578	0	0.779398	0.779398	0	3.64444	3.64444	0	
5	0	5	0	10	0.844444	0.0795543	0.844444	0	0.355556	5	5	5	0	5	0.0234791	0.0234791	0	-0.871744	-0.871744	0	1.77778	1.77778	0	
4	0	4	0	10	0.711111	0.117454	0.711111	0	0.531111	10	10	10	0	10	2.22727	2.22727	0	3.18265	3.18265	0	5.31111	5.31111	0	
7	0	7	0	10	0.911111	0.0773448	0.911111	0	0.262963	18	18	18	0	18	-1.19556	-1.19556	0	-0.869088	-0.869088	0	4.73333	4.73333	0	
5	0	5	0	10	0.755556	0.129546	0.755556	0	0.404444	5	5	5	0	5	0.57806	0.57806	0	-0.57702	-0.57702	0	2.02222	2.02222	0	
4	0	4	0	10	0.8	0.0888444	0.8	0	0.355556	8	8	8	0	8	0.0252623	0.0252623	0	1.4153	1.4153	0	2.84444	2.84444	0	
3	0	3	0	10	0.6	0.130537	0.6	0	0.45	8	8	8	0	8	1.17798	1.17798	0	3.68192	3.68192	0	3.6	3.6	0	
2	0	2	0	10	0.355556	0.159109	0.355556	0	0.355556	2	2	2	0	2	0.0188908	0.0188908	0	1.52347	1.52347	0	0.711111	0.711111	0	
5	0	5	0	10	0.844444	0.0795543	0.844444	0	0.384444	10	10	10	0	10	0.388196	0.388196	0	0.907989	0.907989	0	3.84444	3.84444	0	
4	0	4	0	10	0.777778	0.0906765	0.777778	0	0.362963	3	3	3	0	3	0.0964614	0.0964614	0	-0.698978	-0.698978	0	1.08889	1.08889	0	
4	0	4	0	10	0.733333	0.119889	0.733333	0	0.468889	10	10	10	0	10	1.44706	1.44706	0	2.78908	2.78908	0	4.68889	4.68889	0	
5	0	5	0	10	0.822222	0.0969307	0.822222	0	0.371429	7	7	7	0	7	0.214998	0.214998	0	-0.00576845	-0.00576845	0	2.6	2.6	0	
5	0	5	0	10	0.755556	0.129546	0.755556	0	0.288889	4	4	4	0	4	-0.701608	-0.701608	0	-1.89575	-1.89575	0	1.15556	1.15556	0	
4	0	4	0	10	0.8	0.0888444	0.8	0	0.385185	6	6	6	0	6	0.370992	0.370992	0	0.919651	0.919651	0	2.31111	2.31111	0	
4	0	4	0	10	0.533333	0.180074	0.533333	0	0.2	4	4	4	0	4	-1.66706	-1.66706	0	-1.34464	-1.34464	0	0.8	0.8	0	
4	0	4	0	10	0.711111	0.117454	0.711111	0	0.373333	5	5	5	0	5	0.225145	0.225145	0	0.44029	0.44029	0	1.86667	1.86667	0	
5	0	5	0	10	0.844444	0.0795543	0.844444	0	0.422222	10	10	10	0	10	0.861897	0.861897	0	1.13778	1.13778	0	4.22222	4.22222	0	
6	0	6	0	10	0.888889	0.0754247	0.888889	0	0.352137	13	13	13	0	13	-0.0173659	-0.0173659	0	0.180704	0.180704	0	4.57778	4.57778	0	
4	0	4	0	10	0.533333	0.180074	0.533333	0	0.262222	5	5	5	0	5	-1.03527	-1.03527	0	-0.312068	-0.312068	0	1.31111	1.31111	0	
3	0	3	0	10	0.644444	0.101237	0.644444	0	0.259259	6	6	6	0	6	-1.10277	-1.10277	0	1.39017	1.39017	0	1.55556	1.55556	0	
2	0	2	0	10	0.466667	0.131757	0.466667	0	0.466667	1	1	1	0	1	0.819796	0.819796	0	0.818008	0.818008	0	0.466667	0.466667	0	
4	0	4	0	10	0.711111	0.117454	0.711111	0	0.466667	9	9	9	0	9	1.40202	1.40202	0	2.45987	2.45987	0	4.2	4.2	0	
3	0	3	0	10	0.511111	0.164303	0.511111	0	0.277778	2	2	2	0	2	-0.69098	-0.69098	0	-0.593814	-0.593814	0	0.555556	0.555556	0	
5	0	5	0	10	0.844444	0.0795543	0.844444	0	0.333333	4	4	4	0	4	-0.218882	-0.218882	0	-1.54678	-1.54678	0	1.33333	1.33333	0	
4	0	4	0	10	0.777778	0.0906765	0.777778	0	0.362963	3	3	3	0	3	0.0964614	0.0964614	0	-0.698978	-0.698978	0	1.08889	1.08889	0	
3	0	3	0	10	0.511111	0.164303	0.511111	0	0.251852	3	3	3	0	3	-1.03446	-1.03446	0	-0.0464656	-0.0464656	0	0.755556	0.755556	0	
4	0	4	0	10	0.533333	0.180074	0.533333	0	0.2	5	5	5	0	5	-1.7411	-1.7411	0	-0.876332	-0.876332	0	1	1	0	
2	0	2	0	10	0.2	0.154143	0.2	0	0.2	3	3	3	0	3	-1.56222	-1.56222	0	1.22453	1.22453	0	0.6	0.6	0	
3	0	3	0	10	0.377778	0.181279	0.377778	0	0.2	3	3	3	0	3	-1.56222	-1.56222	0	-0.458608	-0.458608	0	0.6	0.6	0	
6	0	6	0	10	0.844444	0.102935	0.844444	0	0.336508	7	7	7	0	7	-0.203435	-0.203435	0	-1.4105	-1.4105	0	2.35556	2.35556	0	
4	0	4	0	10	0.711111	0.117454	0.711111	0	0.422222	6	6	6	0	6	0.804452	0.804452	0	1.1346	1.1346	0	2.53333	2.53333	0	
4	0	4	0	10	0.8	0.0888444	0.8	0	0.377778	8	8	8	0	8	0.296489	0.296489	0	1.567	1.567	0	3.02222	3.02222	0	
5	0	5	0	10	0.8	0.100133	0.8	0	0.362963	6	6	6	0	6	0.110916	0.110916	0	-0.408508	-0.408508	0	2.17778	2.17778	0	
1	0	1	0	10	0	0	0	0	0	0	0	0	0	0	0	0	0	0	0	0	0	0	0	
7	0	7	0	10	0.933333	0.0619677	0.933333	0	0.32	10	10	10	0	10	-0.419883	-0.419883	0	-1.87193	-1.87193	0	3.2	3.2	0	
3	0	3	0	10	0.644444	0.101237	0.644444	0	0.311111	3	3	3	0	3	-0.4313	-0.4313	0	0.345355	0.345355	0	0.933333	0.933333	0	
3	0	3	0	10	0.711111	0.0859974	0.711111	0	0.4	8	8	8	0	8	0.567716	0.567716	0	3.29954	3.29954	0	3.2	3.2	0	
5	0	5	0	10	0.755556	0.129546	0.755556	0	0.344444	8	8	8	0	8	-0.110351	-0.110351	0	0.126975	0.126975	0	2.75556	2.75556	0	
5	0	5	0	10	0.822222	0.0969307	0.822222	0	0.434343	11	11	11	0	11	1.02427	1.02427	0	1.45037	1.45037	0	4.77778	4.77778	0	
4	0	4	0	10	0.8	0.0758947	0.8	0	0.426667	5	5	5	0	5	0.830142	0.830142	0	0.736945	0.736945	0	2.13333	2.13333	0	
4	0	4	0	10	0.644444	0.151819	0.644444	0	0.251852	3	3	3	0	3	-1.03446	-1.03446	0	-1.46598	-1.46598	0	0.755556	0.755556	0	
5	0	5	0	10	0.755556	0.129546	0.755556	0	0.266667	5	5	5	0	5	-0.984849	-0.984849	0	-1.54678	-1.54678	0	1.33333	1.33333	0	
2	0	2	0	10	0.2	0.154143	0.2	0	0.2	1	1	1	0	1	-1.11173	-1.11173	0	-0.339314	-0.339314	0	0.2	0.2	0	
3	0	3	0	10	0.377778	0.181279	0.377778	0	0.2	3	3	3	0	3	-1.56222	-1.56222	0	-0.458608	-0.458608	0	0.6	0.6	0	
4	0	4	0	10	0.777778	0.0906765	0.777778	0	0.346667	5	5	5	0	5	-0.0773538	-0.0773538	0	0.279264	0.279264	0	1.73333	1.73333	0	
5	0	5	0	10	0.866667	0.0713676	0.866667	0	0.345299	13	13	13	0	13	-0.105387	-0.105387	0	1.29118	1.29118	0	4.48889	4.48889	0	
2	0	2	0	10	0.533333	0.0946573	0.533333	0	0.533333	7	7	7	0	7	2.155	2.155	0	6.27254	6.27254	0	3.73333	3.73333	0	
6	0	6	0	10	0.911111	0.0620394	0.911111	0	0.472222	8	8	8	0	8	1.4492	1.4492	0	-0.269339	-0.269339	0	3.77778	3.77778	0	
6	0	6	0	10	0.888889	0.0754247	0.888889	0	0.263889	8	8	8	0	8	-1.09355	-1.09355	0	-1.69102	-1.69102	0	2.11111	2.11111	0	
4	0	4	0	10	0.533333	0.180074	0.533333	0	0.277778	4	4	4	0	4	-0.82229	-0.82229	0	-0.65694	-0.65694	0	1.11111	1.11111	0	
4	0	4	0	10	0.733333	0.119889	0.733333	0	0.464444	10	10	10	0	10	1.39133	1.39133	0	2.75994	2.75994	0	4.64444	4.64444	0	
4	0	4	0	10	0.644444	0.151819	0.644444	0	0.358025	9	9	9	0	9	0.0562255	0.0562255	0	1.73126	1.73126	0	3.22222	3.22222	0	
2	0	2	0	10	0.466667	0.131757	0.466667	0	0.466667	1	1	1	0	1	0.819796	0.819796	0	0.818008	0.818008	0	0.466667	0.466667	0	
4	0	4	0	10	0.644444	0.151819	0.644444	0	0.251852	3	3	3	0	3	-1.03446	-1.03446	0	-1.46598	-1.46598	0	0.755556	0.755556	0	
4	0	4	0	10	0.711111	0.117454	0.711111	0	0.444444	8	8	8	0	8	1.11017	1.11017	0	1.99217	1.99217	0	3.55556	3.55556	0	
4	0	4	0	10	0.733333	0.119889	0.733333	0	0.501389	16	16	16	0	16	1.93691	1.93691	0	4.65993	4.65993	0	8.02222	8.02222	0	
5	0	5	0	10	0.844444	0.0795543	0.844444	0	0.311111	12	12	12	0	12	-0.541448	-0.541448	0	0.837202	0.837202	0	3.73333	3.73333	0	
4	0	4	0	10	0.8	0.0758947	0.8	0	0.422222	6	6	6	0	6	0.804452	0.804452	0	1.1346	1.1346	0	2.53333	2.53333	0	
4	0	4	0	10	0.711111	0.117454	0.711111	0	0.386111	8	8	8	0	8	0.3982	0.3982	0	1.62246	1.62246	0	3.08889	3.08889	0	
3	0	3	0	10	0.6	0.130537	0.6	0	0.422222	3	3	3	0	3	0.699617	0.699617	0	0.948883	0.948883	0	1.26667	1.26667	0	
3	0	3	0	10	0.688889	0.103837	0.688889	0	0.392593	6	6	6	0	6	0.457684	0.457684	0	2.40648	2.40648	0	2.35556	2.35556	0	
2	0	2	0	10	0.355556	0.159109	0.355556	0	0.355556	2	2	2	0	2	0.0188908	0.0188908	0	1.52347	1.52347	0	0.711111	0.711111	0	
5	0	5	0	10	0.666667	0.163299	0.666667	0	0.238889	4	4	4	0	4	-1.24468	-1.24468	0	-2.37682	-2.37682	0	0.955556	0.955556	0	
3	0	3	0	10	0.377778	0.181279	0.377778	0	0.2	2	2	2	0	2	-1.40085	-1.40085	0	-1.16394	-1.16394	0	0.4	0.4	0	
4	0	4	0	10	0.533333	0.180074	0.533333	0	0.2	3	3	3	0	3	-1.56222	-1.56222	0	-1.96374	-1.96374	0	0.6	0.6	0	
4	0	4	0	10	0.711111	0.117454	0.711111	0	0.238095	14	14	14	0	14	-1.49506	-1.49506	0	1.81991	1.81991	0	3.33333	3.33333	0	
5	0	5	0	10	0.844444	0.0795543	0.844444	0	0.306667	5	5	5	0	5	-0.531102	-0.531102	0	-1.21512	-1.21512	0	1.53333	1.53333	0	
5	0	5	0	10	0.8	0.100133	0.8	0	0.3	6	6	6	0	6	-0.625967	-0.625967	0	-0.843184	-0.843184	0	1.8	1.8	0	
4	0	4	0	10	0.533333	0.180074	0.533333	0	0.251852	3	3	3	0	3	-1.03446	-1.03446	0	-1.46598	-1.46598	0	0.755556	0.755556	0	
3	0	3	0	10	0.688889	0.103837	0.688889	0	0.405556	4	4	4	0	4	0.565548	0.565548	0	1.48469	1.48469	0	1.62222	1.62222	0	
4	0	4	0	10	0.533333	0.180074	0.533333	0	0.2	12	12	12	0	12	-1.96119	-1.96119	0	1.00727	1.00727	0	2.4	2.4	0	
1	0	1	0	10	0	0	0	0	0	0	0	0	0	0	0	0	0	0	0	0	0	0	0	
4	0	4	0	10	0.644444	0.151819	0.644444	0	0.333333	8	8	8	0	8	-0.245965	-0.245965	0	1.2575	1.2575	0	2.66667	2.66667	0	
3	0	3	0	10	0.377778	0.181279	0.377778	0	0.2	4	4	4	0	4	-1.66706	-1.66706	0	0.0579335	0.0579335	0	0.8	0.8	0	
4	0	4	0	10	0.777778	0.0906765	0.777778	0	0.368889	5	5	5	0	5	0.174728	0.174728	0	0.414112	0.414112	0	1.84444	1.84444	0	
5	0	5	0	10	0.666667	0.163299	0.666667	0	0.284444	5	5	5	0	5	-0.783184	-0.783184	0	-1.39262	-1.39262	0	1.42222	1.42222	0	
3	0	3	0	10	0.6	0.130537	0.6	0	0.52381	7	7	7	0	7	2.04089	2.04089	0	3.7436	3.7436	0	3.66667	3.66667	0	
3	0	3	0	10	0.644444	0.101237	0.644444	0	0.311111	3	3	3	0	3	-0.4313	-0.4313	0	0.345355	0.345355	0	0.933333	0.933333	0	
3	0	3	0	10	0.644444	0.101237	0.644444	0	0.45	4	4	4	0	4	1.04827	1.04827	0	1.72621	1.72621	0	1.8	1.8	0	
4	0	4	0	10	0.733333	0.119889	0.733333	0	0.359259	6	6	6	0	6	0.0675697	0.0675697	0	0.760374	0.760374	0	2.15556	2.15556	0	
7	0	7	0	10	0.911111	0.0773448	0.911111	0	0.357143	14	14	14	0	14	0.0473834	0.0473834	0	-0.736865	-0.736865	0	5	5	0	
5	0	5	0	10	0.755556	0.129546	0.755556	0	0.293333	5	5	5	0	5	-0.682351	-0.682351	0	-1.31974	-1.31974	0	1.46667	1.46667	0	
1	0	1	0	10	0	0	0	0	0	0	0	0	0	0	0	0	0	0	0	0	0	0	0	
5	0	5	0	10	0.8	0.100133	0.8	0	0.322222	4	4	4	0	4	-0.339564	-0.339564	0	-1.62852	-1.62852	0	1.28889	1.28889	0	
6	0	6	0	10	0.844444	0.102935	0.844444	0	0.359259	6	6	6	0	6	0.0675697	0.0675697	0	-1.63705	-1.63705	0	2.15556	2.15556	0	
6	0	6	0	10	0.844444	0.102935	0.844444	0	0.306667	15	15	15	0	15	-0.610065	-0.610065	0	0.192067	0.192067	0	4.6	4.6	0	
4	0	4	0	10	0.777778	0.0906765	0.777778	0	0.416667	4	4	4	0	4	0.686229	0.686229	0	0.194901	0.194901	0	1.66667	1.66667	0	
4	0	4	0	10	0.711111	0.117454	0.711111	0	0.466667	5	5	5	0	5	1.28389	1.28389	0	0.941774	0.941774	0	2.33333	2.33333	0	
6	0	6	0	10	0.888889	0.0754247	0.888889	0	0.359259	6	6	6	0	6	0.0675697	0.0675697	0	-1.63705	-1.63705	0	2.15556	2.15556	0	
3	0	3	0	10	0.622222	0.138307	0.622222	0	0.355556	4	4	4	0	4	0.0224807	0.0224807	0	1.19353	1.19353	0	1.42222	1.42222	0	
5	0	5	0	10	0.866667	0.0713676	0.866667	0	0.361111	4	4	4	0	4	0.0828215	0.0828215	0	-1.35585	-1.35585	0	1.44444	1.44444	0	
4	0	4	0	10	0.644444	0.151819	0.644444	0	0.285714	7	7	7	0	7	-0.812064	-0.812064	0	0.592409	0.592409	0	2	2	0	
4	0	4	0	10	0.711111	0.117454	0.711111	0	0.377778	6	6	6	0	6	0.2843	0.2843	0	0.87495	0.87495	0	2.26667	2.26667	0	
3	0	3	0	10	0.511111	0.164303	0.511111	0	0.4	5	5	5	0	5	0.527643	0.527643	0	1.98249	1.98249	0	2	2	0	
3	0	3	0	10	0.6	0.130537	0.6	0	0.366667	2	2	2	0	2	0.120301	0.120301	0	-0.100592	-0.100592	0	0.733333	0.733333	0	
5	0	5	0	10	0.822222	0.0969307	0.822222	0	0.4	6	6	6	0	6	0.544376	0.544376	0	-0.187878	-0.187878	0	2.4	2.4	0	
4	0	4	0	10	0.822222	0.0716163	0.822222	0	0.491358	9	9	9	0	9	1.70788	1.70788	0	2.61193	2.61193	0	4.42222	4.42222	0	
5	0	5	0	10	0.844444	0.0795543	0.844444	0	0.32	5	5	5	0	5	-0.379852	-0.379852	0	-1.11562	-1.11562	0	1.6	1.6	0	
5	0	5	0	10	0.822222	0.0969307	0.822222	0	0.322222	4	4	4	0	4	-0.339564	-0.339564	0	-1.62852	-1.62852	0	1.28889	1.28889	0	
4	0	4	0	10	0.777778	0.0906765	0.777778	0	0.434921	7	7	7	0	7	0.975784	0.975784	0	1.58557	1.58557	0	3.04444	3.04444	0	
4	0	4	0	10	0.733333	0.119889	0.733333	0	0.361111	4	4	4	0	4	0.0828215	0.0828215	0	-0.108954	-0.108954	0	1.44444	1.44444	0	
5	0	5	0	10	0.822222	0.0969307	0.822222	0	0.28254	7	7	7	0	7	-0.850104	-0.850104	0	-0.627661	-0.627661	0	1.97778	1.97778	0	
5	0	5	0	10	0.844444	0.0795543	0.844444	0	0.32	5	5	5	0	5	-0.379852	-0.379852	0	-1.11562	-1.11562	0	1.6	1.6	0	
5	0	5	0	10	0.8	0.100133	0.8	0	0.32963	6	6	6	0	6	-0.279198	-0.279198	0	-0.627661	-0.627661	0	1.97778	1.97778	0	
6	0	6	0	10	0.888889	0.0754247	0.888889	0	0.390476	7	7	7	0	7	0.443234	0.443234	0	-1.0413	-1.0413	0	2.73333	2.73333	0	
4	0	4	0	10	0.733333	0.100532	0.733333	0	0.425926	6	6	6	0	6	0.847798	0.847798	0	1.15537	1.15537	0	2.55556	2.55556	0	
4	0	4	0	10	0.733333	0.119889	0.733333	0	0.303704	3	3	3	0	3	-0.506695	-0.506695	0	-1.07085	-1.07085	0	0.911111	0.911111	0	
5	0	5	0	10	0.822222	0.0969307	0.822222	0	0.476543	9	9	9	0	9	1.52436	1.52436	0	1.17676	1.17676	0	4.28889	4.28889	0	
5	0	5	0	10	0.822222	0.0969307	0.822222	0	0.377778	8	8	8	0	8	0.296489	0.296489	0	0.339524	0.339524	0	3.02222	3.02222	0	
5	0	5	0	10	0.844444	0.0795543	0.844444	0	0.446154	13	13	13	0	13	1.19292	1.19292	0	1.96724	1.96724	0	5.8	5.8	0	
3	0	3	0	10	0.377778	0.181279	0.377778	0	0.2	2	2	2	0	2	-1.40085	-1.40085	0	-1.16394	-1.16394	0	0.4	0.4	0	
6	0	6	0	10	0.888889	0.0754247	0.888889	0	0.336111	8	8	8	0	8	-0.212061	-0.212061	0	-1.08141	-1.08141	0	2.68889	2.68889	0	
4	0	4	0	10	0.777778	0.0906765	0.777778	0	0.463492	7	7	7	0	7	1.31814	1.31814	0	1.74914	1.74914	0	3.24444	3.24444	0	
2	0	2	0	10	0.466667	0.131757	0.466667	0	0.466667	2	2	2	0	2	1.03299	1.03299	0	2.05186	2.05186	0	0.933333	0.933333	0	
6	0	6	0	10	0.777778	0.137437	0.777778	0	0.255556	6	6	6	0	6	-1.14612	-1.14612	0	-2.56262	-2.56262	0	1.53333	1.53333	0	
4	0	4	0	10	0.644444	0.151819	0.644444	0	0.277778	4	4	4	0	4	-0.82229	-0.82229	0	-0.65694	-0.65694	0	1.11111	1.11111	0	
3	0	3	0	10	0.6	0.130537	0.6	0	0.48	5	5	5	0	5	1.43514	1.43514	0	2.4571	2.4571	0	2.4	2.4	0	
3	0	3	0	10	0.622222	0.138307	0.622222	0	0.355556	2	2	2	0	2	0.0188908	0.0188908	0	-0.156119	-0.156119	0	0.711111	0.711111	0	
5	0	5	0	10	0.822222	0.0969307	0.822222	0	0.38	10	10	10	0	10	0.332466	0.332466	0	0.879863	0.879863	0	3.8	3.8	0	
6	0	6	0	10	0.844444	0.102935	0.844444	0	0.35	8	8	8	0	8	-0.0425445	-0.0425445	0	-0.982556	-0.982556	0	2.8	2.8	0	
3	0	3	0	10	0.6	0.130537	0.6	0	0.52381	7	7	7	0	7	2.04089	2.04089	0	3.7436	3.7436	0	3.66667	3.66667	0	
5	0	5	0	10	0.866667	0.0713676	0.866667	0	0.375	8	8	8	0	8	0.262586	0.262586	0	0.322457	0.322457	0	3	3	0	
6	0	6	0	10	0.844444	0.102935	0.844444	0	0.3	8	8	8	0	8	-0.652805	-0.652805	0	-1.36341	-1.36341	0	2.4	2.4	0	
5	0	5	0	10	0.666667	0.163299	0.666667	0	0.231111	5	5	5	0	5	-1.38818	-1.38818	0	-1.89575	-1.89575	0	1.15556	1.15556	0	
3	0	3	0	10	0.511111	0.164303	0.511111	0	0.277778	2	2	2	0	2	-0.69098	-0.69098	0	-0.593814	-0.593814	0	0.555556	0.555556	0	
2	0	2	0	10	0.466667	0.131757	0.466667	0	0.466667	2	2	2	0	2	1.03299	1.03299	0	2.05186	2.05186	0	0.933333	0.933333	0	
6	0	6	0	10	0.866667	0.0850098	0.866667	0	0.352381	7	7	7	0	7	-0.0132383	-0.0132383	0	-1.29478	-1.29478	0	2.46667	2.46667	0	
6	0	6	0	10	0.888889	0.0754247	0.888889	0	0.32	5	5	5	0	5	-0.379852	-0.379852	0	-2.44153	-2.44153	0	1.6	1.6	0	
3	0	3	0	10	0.6	0.130537	0.6	0	0.288889	3	3	3	0	3	-0.657484	-0.657484	0	0.206017	0.206017	0	0.866667	0.866667	0	
1	0	1	0	10	0	0	0	0	0	0	0	0	0	0	0	0	0	0	0	0	0	0	0	
5	0	5	0	10	0.822222	0.0969307	0.822222	0	0.362963	6	6	6	0	6	0.110916	0.110916	0	-0.408508	-0.408508	0	2.17778	2.17778	0	
5	0	5	0	10	0.822222	0.0969307	0.822222	0	0.365079	7	7	7	0	7	0.138919	0.138919	0	-0.0450542	-0.0450542	0	2.55556	2.55556	0	
6	0	6	0	10	0.866667	0.0850098	0.866667	0	0.32	5	5	5	0	5	-0.379852	-0.379852	0	-2.44153	-2.44153	0	1.6	1.6	0	
5	0	5	0	10	0.755556	0.129546	0.755556	0	0.306667	5	5	5	0	5	-0.531102	-0.531102	0	-1.21512	-1.21512	0	1.53333	1.53333	0	
3	0	3	0	10	0.377778	0.181279	0.377778	0	0.303704	6	6	6	0	6	-0.582621	-0.582621	0	1.75544	1.75544	0	1.82222	1.82222	0	
5	0	5	0	10	0.866667	0.0713676	0.866667	0	0.425	8	8	8	0	8	0.872847	0.872847	0	0.614515	0.614515	0	3.4	3.4	0	
6	0	6	0	10	0.844444	0.102935	0.844444	0	0.340741	12	12	12	0	12	-0.162851	-0.162851	0	-0.0838703	-0.0838703	0	4.08889	4.08889	0	
5	0	5	0	10	0.755556	0.129546	0.755556	0	0.327778	8	8	8	0	8	-0.313772	-0.313772	0	0.0136386	0.0136386	0	2.62222	2.62222	0	
1	0	1	0	10	0	0	0	0	0	0	0	0	0	0	0	0	0	0	0	0	0	0	0	
