K_1	Ksd_1	mean_K	sd_K	tot_K	H_1	Hsd_1	mean_H	sd_H	tot_H	S_1	prS_1	mean_S	sd_S	tot_S	D_1	mean_D	sd_D	FS_1	mean_FS	sd_FS	Pi_1	mean_Pi	sd_Pi	
3	0	3	0	10	0.644444	0.101237	0.644444	0	0.255556	6	6	6	0	6	-1.14612	-1.14612	0	1.35813	1.35813	0	1.53333	1.53333	0	
2	0	2	0	10	0.555556	0.0745356	0.555556	0	0.555556	1	1	1	0	1	1.46364	1.46364	0	1.09586	1.09586	0	0.555556	0.555556	0	
3	0	3	0	10	0.644444	0.101237	0.644444	0	0.318519	3	3	3	0	3	-0.355906	-0.355906	0	0.390095	0.390095	0	0.955556	0.955556	0	
5	0	5	0	10	0.844444	0.0795543	0.844444	0	0.425397	14	14	14	0	14	0.93172	0.93172	0	2.04067	2.04067	0	5.95556	5.95556	0	
2	0	2	0	10	0.355556	0.159109	0.355556	0	0.355556	2	2	2	0	2	0.0188908	0.0188908	0	1.52347	1.52347	0	0.711111	0.711111	0	
4	0	4	0	10	0.733333	0.119889	0.733333	0	0.302222	5	5	5	0	5	-0.581518	-0.581518	0	-0.013722	-0.013722	0	1.51111	1.51111	0	
2	0	2	0	10	0.2	0.154143	0.2	0	0.2	2	2	2	0	2	-1.40085	-1.40085	0	0.586219	0.586219	0	0.4	0.4	0	
6	0	6	0	10	0.888889	0.0754247	0.888889	0	0.268687	11	11	11	0	11	-1.0742	-1.0742	0	-0.851686	-0.851686	0	2.95556	2.95556	0	
2	0	2	0	10	0.355556	0.159109	0.355556	0	0.355556	1	1	1	0	1	0.014992	0.014992	0	0.4167	0.4167	0	0.355556	0.355556	0	
3	0	3	0	10	0.511111	0.164303	0.511111	0	0.390476	7	7	7	0	7	0.443234	0.443234	0	2.8227	2.8227	0	2.73333	2.73333	0	
2	0	2	0	10	0.355556	0.159109	0.355556	0	0.355556	8	8	8	0	8	0.0252623	0.0252623	0	5.18801	5.18801	0	2.84444	2.84444	0	
3	0	3	0	10	0.622222	0.138307	0.622222	0	0.355556	2	2	2	0	2	0.0188908	0.0188908	0	-0.156119	-0.156119	0	0.711111	0.711111	0	
2	0	2	0	10	0.466667	0.131757	0.466667	0	0.466667	2	2	2	0	2	1.03299	1.03299	0	2.05186	2.05186	0	0.933333	0.933333	0	
3	0	3	0	10	0.644444	0.101237	0.644444	0	0.466667	4	4	4	0	4	1.2293	1.2293	0	1.81329	1.81329	0	1.86667	1.86667	0	
3	0	3	0	10	0.733333	0.0764199	0.733333	0	0.493333	5	5	5	0	5	1.58639	1.58639	0	2.53215	2.53215	0	2.46667	2.46667	0	
2	0	2	0	10	0.466667	0.131757	0.466667	0	0.466667	2	2	2	0	2	1.03299	1.03299	0	2.05186	2.05186	0	0.933333	0.933333	0	
5	0	5	0	10	0.844444	0.0795543	0.844444	0	0.284444	5	5	5	0	5	-0.783184	-0.783184	0	-1.39262	-1.39262	0	1.42222	1.42222	0	
4	0	4	0	10	0.822222	0.0716163	0.822222	0	0.455556	4	4	4	0	4	1.10861	1.10861	0	0.387679	0.387679	0	1.82222	1.82222	0	
3	0	3	0	10	0.644444	0.101237	0.644444	0	0.422222	3	3	3	0	3	0.699617	0.699617	0	0.948883	0.948883	0	1.26667	1.26667	0	
4	0	4	0	10	0.711111	0.117454	0.711111	0	0.4	8	8	8	0	8	0.567716	0.567716	0	1.71332	1.71332	0	3.2	3.2	0	
2	0	2	0	10	0.355556	0.159109	0.355556	0	0.355556	3	3	3	0	3	0.0210669	0.0210669	0	2.33782	2.33782	0	1.06667	1.06667	0	
2	0	2	0	10	0.2	0.154143	0.2	0	0.2	4	4	4	0	4	-1.66706	-1.66706	0	1.74414	1.74414	0	0.8	0.8	0	
3	0	3	0	10	0.711111	0.0859974	0.711111	0	0.444444	2	2	2	0	2	0.830172	0.830172	0	0.253363	0.253363	0	0.888889	0.888889	0	
3	0	3	0	10	0.6	0.130537	0.6	0	0.285714	7	7	7	0	7	-0.812064	-0.812064	0	1.98249	1.98249	0	2	2	0	
2	0	2	0	10	0.355556	0.159109	0.355556	0	0.355556	1	1	1	0	1	0.014992	0.014992	0	0.4167	0.4167	0	0.355556	0.355556	0	
5	0	5	0	10	0.8	0.100133	0.8	0	0.288889	6	6	6	0	6	-0.756005	-0.756005	0	-0.930067	-0.930067	0	1.73333	1.73333	0	
2	0	2	0	10	0.466667	0.131757	0.466667	0	0.466667	1	1	1	0	1	0.819796	0.819796	0	0.818008	0.818008	0	0.466667	0.466667	0	
5	0	5	0	10	0.8	0.100133	0.8	0	0.284444	5	5	5	0	5	-0.783184	-0.783184	0	-1.39262	-1.39262	0	1.42222	1.42222	0	
3	0	3	0	10	0.6	0.130537	0.6	0	0.308333	8	8	8	0	8	-0.551095	-0.551095	0	2.53215	2.53215	0	2.46667	2.46667	0	
2	0	2	0	10	0.2	0.154143	0.2	0	0.2	3	3	3	0	3	-1.56222	-1.56222	0	1.22453	1.22453	0	0.6	0.6	0	
3	0	3	0	10	0.6	0.130537	0.6	0	0.5	2	2	2	0	2	1.33722	1.33722	0	0.477271	0.477271	0	1	1	0	
2	0	2	0	10	0.355556	0.159109	0.355556	0	0.355556	3	3	3	0	3	0.0210669	0.0210669	0	2.33782	2.33782	0	1.06667	1.06667	0	
3	0	3	0	10	0.688889	0.103837	0.688889	0	0.514286	7	7	7	0	7	1.92677	1.92677	0	3.68192	3.68192	0	3.6	3.6	0	
2	0	2	0	10	0.355556	0.159109	0.355556	0	0.355556	5	5	5	0	5	0.0234791	0.0234791	0	3.63567	3.63567	0	1.77778	1.77778	0	
4	0	4	0	10	0.822222	0.0716163	0.822222	0	0.507407	6	6	6	0	6	1.80141	1.80141	0	1.58557	1.58557	0	3.04444	3.04444	0	
3	0	3	0	10	0.377778	0.181279	0.377778	0	0.2	2	2	2	0	2	-1.40085	-1.40085	0	-1.16394	-1.16394	0	0.4	0.4	0	
3	0	3	0	10	0.6	0.130537	0.6	0	0.44	10	10	10	0	10	1.08482	1.08482	0	4.38853	4.38853	0	4.4	4.4	0	
4	0	4	0	10	0.777778	0.0906765	0.777778	0	0.455556	4	4	4	0	4	1.10861	1.10861	0	0.387679	0.387679	0	1.82222	1.82222	0	
2	0	2	0	10	0.533333	0.0946573	0.533333	0	0.533333	2	2	2	0	2	1.64145	1.64145	0	2.33782	2.33782	0	1.06667	1.06667	0	
4	0	4	0	10	0.733333	0.119889	0.733333	0	0.535354	11	11	11	0	11	2.30382	2.30382	0	3.52674	3.52674	0	5.88889	5.88889	0	
4	0	4	0	10	0.777778	0.0906765	0.777778	0	0.50303	11	11	11	0	11	1.89437	1.89437	0	3.31724	3.31724	0	5.53333	5.53333	0	
6	0	6	0	10	0.888889	0.0754247	0.888889	0	0.337037	6	6	6	0	6	-0.192506	-0.192506	0	-1.80346	-1.80346	0	2.02222	2.02222	0	
3	0	3	0	10	0.6	0.130537	0.6	0	0.333333	2	2	2	0	2	-0.183929	-0.183929	0	-0.27178	-0.27178	0	0.666667	0.666667	0	
3	0	3	0	10	0.688889	0.103837	0.688889	0	0.455556	2	2	2	0	2	0.931582	0.931582	0	0.299793	0.299793	0	0.911111	0.911111	0	
3	0	3	0	10	0.711111	0.0859974	0.711111	0	0.444444	2	2	2	0	2	0.830172	0.830172	0	0.253363	0.253363	0	0.888889	0.888889	0	
2	0	2	0	10	0.355556	0.159109	0.355556	0	0.355556	2	2	2	0	2	0.0188908	0.0188908	0	1.52347	1.52347	0	0.711111	0.711111	0	
5	0	5	0	10	0.844444	0.0795543	0.844444	0	0.297778	5	5	5	0	5	-0.631934	-0.631934	0	-1.28426	-1.28426	0	1.48889	1.48889	0	
1	0	1	0	10	0	0	0	0	0	0	0	0	0	0	0	0	0	0	0	0	0	0	0	
2	0	2	0	10	0.533333	0.0946573	0.533333	0	0.533333	1	1	1	0	1	1.30268	1.30268	0	1.02917	1.02917	0	0.533333	0.533333	0	
2	0	2	0	10	0.555556	0.0745356	0.555556	0	0.555556	3	3	3	0	3	2.05672	2.05672	0	3.45142	3.45142	0	1.66667	1.66667	0	
3	0	3	0	10	0.511111	0.164303	0.511111	0	0.316667	4	4	4	0	4	-0.399905	-0.399905	0	0.948883	0.948883	0	1.26667	1.26667	0	
2	0	2	0	10	0.466667	0.131757	0.466667	0	0.466667	3	3	3	0	3	1.15198	1.15198	0	2.98462	2.98462	0	1.4	1.4	0	
4	0	4	0	10	0.711111	0.117454	0.711111	0	0.463889	8	8	8	0	8	1.34749	1.34749	0	2.10912	2.10912	0	3.71111	3.71111	0	
3	0	3	0	10	0.6	0.130537	0.6	0	0.333333	2	2	2	0	2	-0.183929	-0.183929	0	-0.27178	-0.27178	0	0.666667	0.666667	0	
5	0	5	0	10	0.844444	0.0795543	0.844444	0	0.407407	6	6	6	0	6	0.631068	0.631068	0	-0.146182	-0.146182	0	2.44444	2.44444	0	
3	0	3	0	10	0.6	0.130537	0.6	0	0.4	4	4	4	0	4	0.505207	0.505207	0	1.45344	1.45344	0	1.6	1.6	0	
3	0	3	0	10	0.622222	0.138307	0.622222	0	0.524868	21	21	21	0	21	2.28592	2.28592	0	8.57273	8.57273	0	11.0222	11.0222	0	
4	0	4	0	10	0.644444	0.151819	0.644444	0	0.288889	3	3	3	0	3	-0.657484	-0.657484	0	-1.1758	-1.1758	0	0.866667	0.866667	0	
3	0	3	0	10	0.688889	0.103837	0.688889	0	0.533333	4	4	4	0	4	1.95339	1.95339	0	2.14576	2.14576	0	2.13333	2.13333	0	
2	0	2	0	10	0.533333	0.0946573	0.533333	0	0.533333	2	2	2	0	2	1.64145	1.64145	0	2.33782	2.33782	0	1.06667	1.06667	0	
5	0	5	0	10	0.866667	0.0713676	0.866667	0	0.418519	12	12	12	0	12	0.830965	0.830965	0	1.58007	1.58007	0	5.02222	5.02222	0	
1	0	1	0	10	0	0	0	0	0	0	0	0	0	0	0	0	0	0	0	0	0	0	0	
5	0	5	0	10	0.8	0.100133	0.8	0	0.457778	5	5	5	0	5	1.18306	1.18306	0	-0.295521	-0.295521	0	2.28889	2.28889	0	
6	0	6	0	10	0.911111	0.0620394	0.911111	0	0.363889	8	8	8	0	8	0.126972	0.126972	0	-0.888239	-0.888239	0	2.91111	2.91111	0	
3	0	3	0	10	0.511111	0.164303	0.511111	0	0.333333	2	2	2	0	2	-0.183929	-0.183929	0	-0.27178	-0.27178	0	0.666667	0.666667	0	
3	0	3	0	10	0.622222	0.138307	0.622222	0	0.355556	3	3	3	0	3	0.0210669	0.0210669	0	0.602811	0.602811	0	1.06667	1.06667	0	
1	0	1	0	10	0	0	0	0	0	0	0	0	0	0	0	0	0	0	0	0	0	0	0	
3	0	3	0	10	0.622222	0.138307	0.622222	0	0.355556	7	7	7	0	7	0.0248011	0.0248011	0	2.55694	2.55694	0	2.48889	2.48889	0	
2	0	2	0	10	0.355556	0.159109	0.355556	0	0.355556	1	1	1	0	1	0.014992	0.014992	0	0.4167	0.4167	0	0.355556	0.355556	0	
4	0	4	0	10	0.644444	0.151819	0.644444	0	0.391111	5	5	5	0	5	0.426811	0.426811	0	0.542604	0.542604	0	1.95556	1.95556	0	
2	0	2	0	10	0.355556	0.159109	0.355556	0	0.355556	4	4	4	0	4	0.0224807	0.0224807	0	3.02501	3.02501	0	1.42222	1.42222	0	
2	0	2	0	10	0.533333	0.0946573	0.533333	0	0.533333	4	4	4	0	4	1.95339	1.95339	0	4.1923	4.1923	0	2.13333	2.13333	0	
3	0	3	0	10	0.688889	0.103837	0.688889	0	0.42963	3	3	3	0	3	0.775012	0.775012	0	0.984981	0.984981	0	1.28889	1.28889	0	
4	0	4	0	10	0.644444	0.151819	0.644444	0	0.303704	3	3	3	0	3	-0.506695	-0.506695	0	-1.07085	-1.07085	0	0.911111	0.911111	0	
3	0	3	0	10	0.644444	0.101237	0.644444	0	0.5	10	10	10	0	10	1.83717	1.83717	0	4.87665	4.87665	0	5	5	0	
3	0	3	0	10	0.622222	0.138307	0.622222	0	0.377778	8	8	8	0	8	0.296489	0.296489	0	3.12216	3.12216	0	3.02222	3.02222	0	
2	0	2	0	10	0.355556	0.159109	0.355556	0	0.355556	5	5	5	0	5	0.0234791	0.0234791	0	3.63567	3.63567	0	1.77778	1.77778	0	
2	0	2	0	10	0.533333	0.0946573	0.533333	0	0.533333	2	2	2	0	2	1.64145	1.64145	0	2.33782	2.33782	0	1.06667	1.06667	0	
5	0	5	0	10	0.822222	0.0969307	0.822222	0	0.37037	6	6	6	0	6	0.197608	0.197608	0	-0.36263	-0.36263	0	2.22222	2.22222	0	
3	0	3	0	10	0.644444	0.101237	0.644444	0	0.366667	4	4	4	0	4	0.143162	0.143162	0	1.26028	1.26028	0	1.46667	1.46667	0	
2	0	2	0	10	0.466667	0.131757	0.466667	0	0.466667	4	4	4	0	4	1.2293	1.2293	0	3.7793	3.7793	0	1.86667	1.86667	0	
4	0	4	0	10	0.733333	0.100532	0.733333	0	0.42963	6	6	6	0	6	0.891144	0.891144	0	1.17603	1.17603	0	2.57778	2.57778	0	
1	0	1	0	10	0	0	0	0	0	0	0	0	0	0	0	0	0	0	0	0	0	0	0	
4	0	4	0	10	0.733333	0.100532	0.733333	0	0.455556	8	8	8	0	8	1.24578	1.24578	0	2.05934	2.05934	0	3.64444	3.64444	0	
4	0	4	0	10	0.733333	0.100532	0.733333	0	0.361111	4	4	4	0	4	0.0828215	0.0828215	0	-0.108954	-0.108954	0	1.44444	1.44444	0	
3	0	3	0	10	0.644444	0.101237	0.644444	0	0.422222	3	3	3	0	3	0.699617	0.699617	0	0.948883	0.948883	0	1.26667	1.26667	0	
2	0	2	0	10	0.466667	0.131757	0.466667	0	0.466667	7	7	7	0	7	1.35618	1.35618	0	5.72197	5.72197	0	3.26667	3.26667	0	
5	0	5	0	10	0.844444	0.0795543	0.844444	0	0.382222	5	5	5	0	5	0.325978	0.325978	0	-0.705937	-0.705937	0	1.91111	1.91111	0	
3	0	3	0	10	0.6	0.130537	0.6	0	0.366667	4	4	4	0	4	0.143162	0.143162	0	1.26028	1.26028	0	1.46667	1.46667	0	
5	0	5	0	10	0.755556	0.129546	0.755556	0	0.284444	5	5	5	0	5	-0.783184	-0.783184	0	-1.39262	-1.39262	0	1.42222	1.42222	0	
2	0	2	0	10	0.533333	0.0946573	0.533333	0	0.533333	2	2	2	0	2	1.64145	1.64145	0	2.33782	2.33782	0	1.06667	1.06667	0	
4	0	4	0	10	0.822222	0.0716163	0.822222	0	0.431746	7	7	7	0	7	0.937745	0.937745	0	1.567	1.567	0	3.02222	3.02222	0	
3	0	3	0	10	0.6	0.130537	0.6	0	0.333333	2	2	2	0	2	-0.183929	-0.183929	0	-0.27178	-0.27178	0	0.666667	0.666667	0	
4	0	4	0	10	0.822222	0.0716163	0.822222	0	0.438889	4	4	4	0	4	0.927592	0.927592	0	0.306787	0.306787	0	1.75556	1.75556	0	
4	0	4	0	10	0.711111	0.117454	0.711111	0	0.391667	8	8	8	0	8	0.466006	0.466006	0	1.65904	1.65904	0	3.13333	3.13333	0	
3	0	3	0	10	0.711111	0.0859974	0.711111	0	0.444444	4	4	4	0	4	0.987933	0.987933	0	1.69679	1.69679	0	1.77778	1.77778	0	
2	0	2	0	10	0.466667	0.131757	0.466667	0	0.466667	3	3	3	0	3	1.15198	1.15198	0	2.98462	2.98462	0	1.4	1.4	0	
4	0	4	0	10	0.777778	0.0906765	0.777778	0	0.419048	14	14	14	0	14	0.849456	0.849456	0	3.51385	3.51385	0	5.86667	5.86667	0	
3	0	3	0	10	0.6	0.130537	0.6	0	0.333333	2	2	2	0	2	-0.183929	-0.183929	0	-0.27178	-0.27178	0	0.666667	0.666667	0	
3	0	3	0	10	0.6	0.130537	0.6	0	0.4	4	4	4	0	4	0.505207	0.505207	0	1.45344	1.45344	0	1.6	1.6	0	
3	0	3	0	10	0.377778	0.181279	0.377778	0	0.2	10	10	10	0	10	-1.92458	-1.92458	0	1.98249	1.98249	0	2	2	0	
2	0	2	0	10	0.555556	0.0745356	0.555556	0	0.555556	2	2	2	0	2	1.84427	1.84427	0	2.42917	2.42917	0	1.11111	1.11111	0	
2	0	2	0	10	0.355556	0.159109	0.355556	0	0.355556	2	2	2	0	2	0.0188908	0.0188908	0	1.52347	1.52347	0	0.711111	0.711111	0	
4	0	4	0	10	0.711111	0.117454	0.711111	0	0.450794	7	7	7	0	7	1.16598	1.16598	0	1.67721	1.67721	0	3.15556	3.15556	0	
2	0	2	0	10	0.2	0.154143	0.2	0	0.2	1	1	1	0	1	-1.11173	-1.11173	0	-0.339314	-0.339314	0	0.2	0.2	0	
5	0	5	0	10	0.822222	0.0969307	0.822222	0	0.372222	12	12	12	0	12	0.239408	0.239408	0	1.27865	1.27865	0	4.46667	4.46667	0	
2	0	2	0	10	0.355556	0.159109	0.355556	0	0.355556	1	1	1	0	1	0.014992	0.014992	0	0.4167	0.4167	0	0.355556	0.355556	0	
3	0	3	0	10	0.644444	0.101237	0.644444	0	0.523077	13	13	13	0	13	2.18316	2.18316	0	6.17624	6.17624	0	6.8	6.8	0	
2	0	2	0	10	0.533333	0.0946573	0.533333	0	0.533333	1	1	1	0	1	1.30268	1.30268	0	1.02917	1.02917	0	0.533333	0.533333	0	
3	0	3	0	10	0.511111	0.164303	0.511111	0	0.344444	4	4	4	0	4	-0.0982008	-0.0982008	0	1.12546	1.12546	0	1.37778	1.37778	0	
2	0	2	0	10	0.2	0.154143	0.2	0	0.2	5	5	5	0	5	-1.7411	-1.7411	0	2.19722	2.19722	0	1	1	0	
6	0	6	0	10	0.911111	0.0620394	0.911111	0	0.413889	8	8	8	0	8	0.737233	0.737233	0	-0.580235	-0.580235	0	3.31111	3.31111	0	
1	0	1	0	10	0	0	0	0	0	0	0	0	0	0	0	0	0	0	0	0	0	0	0	
6	0	6	0	10	0.888889	0.0754247	0.888889	0	0.444444	8	8	8	0	8	1.11017	1.11017	0	-0.411879	-0.411879	0	3.55556	3.55556	0	
1	0	1	0	10	0	0	0	0	0	0	0	0	0	0	0	0	0	0	0	0	0	0	0	
4	0	4	0	10	0.777778	0.0906765	0.777778	0	0.405556	8	8	8	0	8	0.635523	0.635523	0	1.74914	1.74914	0	3.24444	3.24444	0	
5	0	5	0	10	0.844444	0.0795543	0.844444	0	0.314815	6	6	6	0	6	-0.452582	-0.452582	0	-0.732682	-0.732682	0	1.88889	1.88889	0	
5	0	5	0	10	0.755556	0.129546	0.755556	0	0.283333	8	8	8	0	8	-0.856226	-0.856226	0	-0.31767	-0.31767	0	2.26667	2.26667	0	
3	0	3	0	10	0.511111	0.164303	0.511111	0	0.277778	2	2	2	0	2	-0.69098	-0.69098	0	-0.593814	-0.593814	0	0.555556	0.555556	0	
2	0	2	0	10	0.355556	0.159109	0.355556	0	0.355556	2	2	2	0	2	0.0188908	0.0188908	0	1.52347	1.52347	0	0.711111	0.711111	0	
4	0	4	0	10	0.733333	0.100532	0.733333	0	0.42963	6	6	6	0	6	0.891144	0.891144	0	1.17603	1.17603	0	2.57778	2.57778	0	
2	0	2	0	10	0.555556	0.0745356	0.555556	0	0.555556	1	1	1	0	1	1.46364	1.46364	0	1.09586	1.09586	0	0.555556	0.555556	0	
3	0	3	0	10	0.622222	0.138307	0.622222	0	0.391111	5	5	5	0	5	0.426811	0.426811	0	1.92679	1.92679	0	1.95556	1.95556	0	
2	0	2	0	10	0.555556	0.0745356	0.555556	0	0.555556	1	1	1	0	1	1.46364	1.46364	0	1.09586	1.09586	0	0.555556	0.555556	0	
4	0	4	0	10	0.644444	0.151819	0.644444	0	0.444444	9	9	9	0	9	1.12674	1.12674	0	2.31925	2.31925	0	4	4	0	
3	0	3	0	10	0.644444	0.101237	0.644444	0	0.437037	3	3	3	0	3	0.850406	0.850406	0	1.02067	1.02067	0	1.31111	1.31111	0	
2	0	2	0	10	0.355556	0.159109	0.355556	0	0.355556	2	2	2	0	2	0.0188908	0.0188908	0	1.52347	1.52347	0	0.711111	0.711111	0	
3	0	3	0	10	0.511111	0.164303	0.511111	0	0.277778	2	2	2	0	2	-0.69098	-0.69098	0	-0.593814	-0.593814	0	0.555556	0.555556	0	
3	0	3	0	10	0.6	0.130537	0.6	0	0.333333	2	2	2	0	2	-0.183929	-0.183929	0	-0.27178	-0.27178	0	0.666667	0.666667	0	
3	0	3	0	10	0.711111	0.0859974	0.711111	0	0.4	4	4	4	0	4	0.505207	0.505207	0	1.45344	1.45344	0	1.6	1.6	0	
3	0	3	0	10	0.377778	0.181279	0.377778	0	0.2	3	3	3	0	3	-1.56222	-1.56222	0	-0.458608	-0.458608	0	0.6	0.6	0	
3	0	3	0	10	0.688889	0.103837	0.688889	0	0.411111	2	2	2	0	2	0.525941	0.525941	0	0.108362	0.108362	0	0.822222	0.822222	0	
3	0	3	0	10	0.6	0.130537	0.6	0	0.5	2	2	2	0	2	1.33722	1.33722	0	0.477271	0.477271	0	1	1	0	
2	0	2	0	10	0.555556	0.0745356	0.555556	0	0.555556	1	1	1	0	1	1.46364	1.46364	0	1.09586	1.09586	0	0.555556	0.555556	0	
2	0	2	0	10	0.533333	0.0946573	0.533333	0	0.533333	6	6	6	0	6	2.10483	2.10483	0	5.64007	5.64007	0	3.2	3.2	0	
1	0	1	0	10	0	0	0	0	0	0	0	0	0	0	0	0	0	0	0	0	0	0	0	
3	0	3	0	10	0.377778	0.181279	0.377778	0	0.231111	5	5	5	0	5	-1.38818	-1.38818	0	0.761719	0.761719	0	1.15556	1.15556	0	
5	0	5	0	10	0.8	0.100133	0.8	0	0.377778	5	5	5	0	5	0.275561	0.275561	0	-0.732682	-0.732682	0	1.88889	1.88889	0	
4	0	4	0	10	0.711111	0.117454	0.711111	0	0.437037	6	6	6	0	6	0.977836	0.977836	0	1.21699	1.21699	0	2.62222	2.62222	0	
3	0	3	0	10	0.644444	0.101237	0.644444	0	0.51746	7	7	7	0	7	1.96481	1.96481	0	3.70254	3.70254	0	3.62222	3.62222	0	
2	0	2	0	10	0.355556	0.159109	0.355556	0	0.355556	1	1	1	0	1	0.014992	0.014992	0	0.4167	0.4167	0	0.355556	0.355556	0	
4	0	4	0	10	0.822222	0.0716163	0.822222	0	0.450794	7	7	7	0	7	1.16598	1.16598	0	1.67721	1.67721	0	3.15556	3.15556	0	
3	0	3	0	10	0.688889	0.103837	0.688889	0	0.540741	6	6	6	0	6	2.19152	2.19152	0	3.34314	3.34314	0	3.24444	3.24444	0	
3	0	3	0	10	0.511111	0.164303	0.511111	0	0.231111	5	5	5	0	5	-1.38818	-1.38818	0	0.761719	0.761719	0	1.15556	1.15556	0	
4	0	4	0	10	0.777778	0.0906765	0.777778	0	0.444444	4	4	4	0	4	0.987933	0.987933	0	0.334025	0.334025	0	1.77778	1.77778	0	
2	0	2	0	10	0.355556	0.159109	0.355556	0	0.355556	3	3	3	0	3	0.0210669	0.0210669	0	2.33782	2.33782	0	1.06667	1.06667	0	
2	0	2	0	10	0.2	0.154143	0.2	0	0.2	1	1	1	0	1	-1.11173	-1.11173	0	-0.339314	-0.339314	0	0.2	0.2	0	
4	0	4	0	10	0.711111	0.117454	0.711111	0	0.375	8	8	8	0	8	0.262586	0.262586	0	1.54834	1.54834	0	3	3	0	
3	0	3	0	10	0.6	0.130537	0.6	0	0.488889	3	3	3	0	3	1.37817	1.37817	0	1.26028	1.26028	0	1.46667	1.46667	0	
5	0	5	0	10	0.822222	0.0969307	0.822222	0	0.41746	14	14	14	0	14	0.82889	0.82889	0	1.98835	1.98835	0	5.84444	5.84444	0	
3	0	3	0	10	0.6	0.130537	0.6	0	0.45	4	4	4	0	4	1.04827	1.04827	0	1.72621	1.72621	0	1.8	1.8	0	
4	0	4	0	10	0.711111	0.117454	0.711111	0	0.36	5	5	5	0	5	0.0738955	0.0738955	0	0.360986	0.360986	0	1.8	1.8	0	
3	0	3	0	10	0.6	0.130537	0.6	0	0.366667	2	2	2	0	2	0.120301	0.120301	0	-0.100592	-0.100592	0	0.733333	0.733333	0	
4	0	4	0	10	0.644444	0.151819	0.644444	0	0.251852	3	3	3	0	3	-1.03446	-1.03446	0	-1.46598	-1.46598	0	0.755556	0.755556	0	
3	0	3	0	10	0.688889	0.103837	0.688889	0	0.496296	3	3	3	0	3	1.45356	1.45356	0	1.29319	1.29319	0	1.48889	1.48889	0	
2	0	2	0	10	0.466667	0.131757	0.466667	0	0.466667	1	1	1	0	1	0.819796	0.819796	0	0.818008	0.818008	0	0.466667	0.466667	0	
3	0	3	0	10	0.6	0.130537	0.6	0	0.266667	4	4	4	0	4	-0.942971	-0.942971	0	0.602811	0.602811	0	1.06667	1.06667	0	
2	0	2	0	10	0.533333	0.0946573	0.533333	0	0.533333	5	5	5	0	5	2.04014	2.04014	0	4.95148	4.95148	0	2.66667	2.66667	0	
2	0	2	0	10	0.355556	0.159109	0.355556	0	0.355556	1	1	1	0	1	0.014992	0.014992	0	0.4167	0.4167	0	0.355556	0.355556	0	
3	0	3	0	10	0.622222	0.138307	0.622222	0	0.355556	4	4	4	0	4	0.0224807	0.0224807	0	1.19353	1.19353	0	1.42222	1.42222	0	
3	0	3	0	10	0.688889	0.103837	0.688889	0	0.438889	4	4	4	0	4	0.927592	0.927592	0	1.66715	1.66715	0	1.75556	1.75556	0	
4	0	4	0	10	0.733333	0.119889	0.733333	0	0.491667	8	8	8	0	8	1.68653	1.68653	0	2.27152	2.27152	0	3.93333	3.93333	0	
3	0	3	0	10	0.688889	0.103837	0.688889	0	0.459259	3	3	3	0	3	1.07659	1.07659	0	1.12546	1.12546	0	1.37778	1.37778	0	
4	0	4	0	10	0.777778	0.0906765	0.777778	0	0.416667	4	4	4	0	4	0.686229	0.686229	0	0.194901	0.194901	0	1.66667	1.66667	0	
3	0	3	0	10	0.511111	0.164303	0.511111	0	0.324444	5	5	5	0	5	-0.329436	-0.329436	0	1.48469	1.48469	0	1.62222	1.62222	0	
5	0	5	0	10	0.755556	0.129546	0.755556	0	0.373333	5	5	5	0	5	0.225145	0.225145	0	-0.759769	-0.759769	0	1.86667	1.86667	0	
3	0	3	0	10	0.733333	0.0764199	0.733333	0	0.466667	6	6	6	0	6	1.3246	1.3246	0	2.89313	2.89313	0	2.8	2.8	0	
2	0	2	0	10	0.355556	0.159109	0.355556	0	0.355556	3	3	3	0	3	0.0210669	0.0210669	0	2.33782	2.33782	0	1.06667	1.06667	0	
4	0	4	0	10	0.777778	0.0906765	0.777778	0	0.479365	7	7	7	0	7	1.50834	1.50834	0	1.83743	1.83743	0	3.35556	3.35556	0	
4	0	4	0	10	0.644444	0.151819	0.644444	0	0.4	7	7	7	0	7	0.557352	0.557352	0	1.37646	1.37646	0	2.8	2.8	0	
2	0	2	0	10	0.533333	0.0946573	0.533333	0	0.533333	5	5	5	0	5	2.04014	2.04014	0	4.95148	4.95148	0	2.66667	2.66667	0	
5	0	5	0	10	0.755556	0.129546	0.755556	0	0.314815	6	6	6	0	6	-0.452582	-0.452582	0	-0.732682	-0.732682	0	1.88889	1.88889	0	
3	0	3	0	10	0.622222	0.138307	0.622222	0	0.414815	3	3	3	0	3	0.624223	0.624223	0	0.912362	0.912362	0	1.24444	1.24444	0	
3	0	3	0	10	0.511111	0.164303	0.511111	0	0.303704	3	3	3	0	3	-0.506695	-0.506695	0	0.299793	0.299793	0	0.911111	0.911111	0	
1	0	1	0	10	0	0	0	0	0	0	0	0	0	0	0	0	0	0	0	0	0	0	0	
3	0	3	0	10	0.377778	0.181279	0.377778	0	0.231111	5	5	5	0	5	-1.38818	-1.38818	0	0.761719	0.761719	0	1.15556	1.15556	0	
3	0	3	0	10	0.511111	0.164303	0.511111	0	0.234568	9	9	9	0	9	-1.47308	-1.47308	0	2.11893	2.11893	0	2.11111	2.11111	0	
3	0	3	0	10	0.622222	0.138307	0.622222	0	0.355556	3	3	3	0	3	0.0210669	0.0210669	0	0.602811	0.602811	0	1.06667	1.06667	0	
3	0	3	0	10	0.6	0.130537	0.6	0	0.413333	5	5	5	0	5	0.678893	0.678893	0	2.06482	2.06482	0	2.06667	2.06667	0	
4	0	4	0	10	0.822222	0.0716163	0.822222	0	0.459259	6	6	6	0	6	1.23791	1.23791	0	1.33722	1.33722	0	2.75556	2.75556	0	
5	0	5	0	10	0.844444	0.0795543	0.844444	0	0.403704	6	6	6	0	6	0.587722	0.587722	0	-0.166937	-0.166937	0	2.42222	2.42222	0	
3	0	3	0	10	0.511111	0.164303	0.511111	0	0.303704	3	3	3	0	3	-0.506695	-0.506695	0	0.299793	0.299793	0	0.911111	0.911111	0	
2	0	2	0	10	0.466667	0.131757	0.466667	0	0.466667	1	1	1	0	1	0.819796	0.819796	0	0.818008	0.818008	0	0.466667	0.466667	0	
1	0	1	0	10	0	0	0	0	0	0	0	0	0	0	0	0	0	0	0	0	0	0	0	
3	0	3	0	10	0.688889	0.103837	0.688889	0	0.371429	7	7	7	0	7	0.214998	0.214998	0	2.67927	2.67927	0	2.6	2.6	0	
2	0	2	0	10	0.533333	0.0946573	0.533333	0	0.533333	4	4	4	0	4	1.95339	1.95339	0	4.1923	4.1923	0	2.13333	2.13333	0	
2	0	2	0	10	0.555556	0.0745356	0.555556	0	0.555556	1	1	1	0	1	1.46364	1.46364	0	1.09586	1.09586	0	0.555556	0.555556	0	
3	0	3	0	10	0.688889	0.103837	0.688889	0	0.411111	8	8	8	0	8	0.70333	0.70333	0	3.38644	3.38644	0	3.28889	3.28889	0	
3	0	3	0	10	0.6	0.130537	0.6	0	0.283333	4	4	4	0	4	-0.761949	-0.761949	0	0.722822	0.722822	0	1.13333	1.13333	0	
3	0	3	0	10	0.688889	0.103837	0.688889	0	0.411111	2	2	2	0	2	0.525941	0.525941	0	0.108362	0.108362	0	0.822222	0.822222	0	
1	0	1	0	10	0	0	0	0	0	0	0	0	0	0	0	0	0	0	0	0	0	0	0	
1	0	1	0	10	0	0	0	0	0	0	0	0	0	0	0	0	0	0	0	0	0	0	0	
4	0	4	0	10	0.644444	0.151819	0.644444	0	0.292063	7	7	7	0	7	-0.735986	-0.735986	0	0.641374	0.641374	0	2.04444	2.04444	0	
2	0	2	0	10	0.555556	0.0745356	0.555556	0	0.555556	1	1	1	0	1	1.46364	1.46364	0	1.09586	1.09586	0	0.555556	0.555556	0	
3	0	3	0	10	0.644444	0.101237	0.644444	0	0.271111	5	5	5	0	5	-0.934433	-0.934433	0	1.0909	1.0909	0	1.35556	1.35556	0	
4	0	4	0	10	0.644444	0.151819	0.644444	0	0.303704	6	6	6	0	6	-0.582621	-0.582621	0	0.387679	0.387679	0	1.82222	1.82222	0	
3	0	3	0	10	0.511111	0.164303	0.511111	0	0.293333	10	10	10	0	10	-0.754261	-0.754261	0	3.03157	3.03157	0	2.93333	2.93333	0	
4	0	4	0	10	0.711111	0.117454	0.711111	0	0.288889	3	3	3	0	3	-0.657484	-0.657484	0	-1.1758	-1.1758	0	0.866667	0.866667	0	
4	0	4	0	10	0.733333	0.119889	0.733333	0	0.303704	3	3	3	0	3	-0.506695	-0.506695	0	-1.07085	-1.07085	0	0.911111	0.911111	0	
2	0	2	0	10	0.355556	0.159109	0.355556	0	0.355556	2	2	2	0	2	0.0188908	0.0188908	0	1.52347	1.52347	0	0.711111	0.711111	0	
2	0	2	0	10	0.466667	0.131757	0.466667	0	0.466667	1	1	1	0	1	0.819796	0.819796	0	0.818008	0.818008	0	0.466667	0.466667	0	
3	0	3	0	10	0.688889	0.103837	0.688889	0	0.405556	4	4	4	0	4	0.565548	0.565548	0	1.48469	1.48469	0	1.62222	1.62222	0	
2	0	2	0	10	0.533333	0.0946573	0.533333	0	0.533333	1	1	1	0	1	1.30268	1.30268	0	1.02917	1.02917	0	0.533333	0.533333	0	
4	0	4	0	10	0.533333	0.180074	0.533333	0	0.333333	10	10	10	0	10	-0.252695	-0.252695	0	1.81991	1.81991	0	3.33333	3.33333	0	
3	0	3	0	10	0.688889	0.103837	0.688889	0	0.485714	7	7	7	0	7	1.58441	1.58441	0	3.49347	3.49347	0	3.4	3.4	0	
3	0	3	0	10	0.688889	0.103837	0.688889	0	0.392593	3	3	3	0	3	0.398039	0.398039	0	0.800101	0.800101	0	1.17778	1.17778	0	
3	0	3	0	10	0.644444	0.101237	0.644444	0	0.366667	2	2	2	0	2	0.120301	0.120301	0	-0.100592	-0.100592	0	0.733333	0.733333	0	
3	0	3	0	10	0.644444	0.101237	0.644444	0	0.311111	3	3	3	0	3	-0.4313	-0.4313	0	0.345355	0.345355	0	0.933333	0.933333	0	
1	0	1	0	10	0	0	0	0	0	0	0	0	0	0	0	0	0	0	0	0	0	0	0	
1	0	1	0	10	0	0	0	0	0	0	0	0	0	0	0	0	0	0	0	0	0	0	0	
2	0	2	0	10	0.355556	0.159109	0.355556	0	0.355556	1	1	1	0	1	0.014992	0.014992	0	0.4167	0.4167	0	0.355556	0.355556	0	
3	0	3	0	10	0.711111	0.0859974	0.711111	0	0.533333	5	5	5	0	5	2.04014	2.04014	0	2.75143	2.75143	0	2.66667	2.66667	0	
2	0	2	0	10	0.355556	0.159109	0.355556	0	0.355556	2	2	2	0	2	0.0188908	0.0188908	0	1.52347	1.52347	0	0.711111	0.711111	0	
3	0	3	0	10	0.377778	0.181279	0.377778	0	0.251852	3	3	3	0	3	-1.03446	-1.03446	0	-0.0464656	-0.0464656	0	0.755556	0.755556	0	
3	0	3	0	10	0.688889	0.103837	0.688889	0	0.505556	4	4	4	0	4	1.65168	1.65168	0	2.01009	2.01009	0	2.02222	2.02222	0	
4	0	4	0	10	0.733333	0.119889	0.733333	0	0.36	10	10	10	0	10	0.0816831	0.0816831	0	2.02587	2.02587	0	3.6	3.6	0	
2	0	2	0	10	0.355556	0.159109	0.355556	0	0.355556	1	1	1	0	1	0.014992	0.014992	0	0.4167	0.4167	0	0.355556	0.355556	0	
3	0	3	0	10	0.622222	0.138307	0.622222	0	0.503704	6	6	6	0	6	1.75806	1.75806	0	3.12216	3.12216	0	3.02222	3.02222	0	
2	0	2	0	10	0.355556	0.159109	0.355556	0	0.355556	1	1	1	0	1	0.014992	0.014992	0	0.4167	0.4167	0	0.355556	0.355556	0	
3	0	3	0	10	0.377778	0.181279	0.377778	0	0.251852	3	3	3	0	3	-1.03446	-1.03446	0	-0.0464656	-0.0464656	0	0.755556	0.755556	0	
2	0	2	0	10	0.555556	0.0745356	0.555556	0	0.555556	1	1	1	0	1	1.46364	1.46364	0	1.09586	1.09586	0	0.555556	0.555556	0	
4	0	4	0	10	0.777778	0.0906765	0.777778	0	0.405556	4	4	4	0	4	0.565548	0.565548	0	0.137067	0.137067	0	1.62222	1.62222	0	
4	0	4	0	10	0.777778	0.0906765	0.777778	0	0.433333	6	6	6	0	6	0.93449	0.93449	0	1.19657	1.19657	0	2.6	2.6	0	
2	0	2	0	10	0.2	0.154143	0.2	0	0.2	1	1	1	0	1	-1.11173	-1.11173	0	-0.339314	-0.339314	0	0.2	0.2	0	
3	0	3	0	10	0.688889	0.103837	0.688889	0	0.422222	3	3	3	0	3	0.699617	0.699617	0	0.948883	0.948883	0	1.26667	1.26667	0	
3	0	3	0	10	0.6	0.130537	0.6	0	0.333333	2	2	2	0	2	-0.183929	-0.183929	0	-0.27178	-0.27178	0	0.666667	0.666667	0	
3	0	3	0	10	0.644444	0.101237	0.644444	0	0.377778	2	2	2	0	2	0.221711	0.221711	0	-0.0464656	-0.0464656	0	0.755556	0.755556	0	
2	0	2	0	10	0.466667	0.131757	0.466667	0	0.466667	1	1	1	0	1	0.819796	0.819796	0	0.818008	0.818008	0	0.466667	0.466667	0	
2	0	2	0	10	0.466667	0.131757	0.466667	0	0.466667	3	3	3	0	3	1.15198	1.15198	0	2.98462	2.98462	0	1.4	1.4	0	
3	0	3	0	10	0.644444	0.101237	0.644444	0	0.437037	3	3	3	0	3	0.850406	0.850406	0	1.02067	1.02067	0	1.31111	1.31111	0	
2	0	2	0	10	0.2	0.154143	0.2	0	0.2	1	1	1	0	1	-1.11173	-1.11173	0	-0.339314	-0.339314	0	0.2	0.2	0	
2	0	2	0	10	0.555556	0.0745356	0.555556	0	0.555556	3	3	3	0	3	2.05672	2.05672	0	3.45142	3.45142	0	1.66667	1.66667	0	
2	0	2	0	10	0.2	0.154143	0.2	0	0.2	2	2	2	0	2	-1.40085	-1.40085	0	0.586219	0.586219	0	0.4	0.4	0	
6	0	6	0	10	0.844444	0.102935	0.844444	0	0.297222	8	8	8	0	8	-0.686709	-0.686709	0	-1.38682	-1.38682	0	2.37778	2.37778	0	
1	0	1	0	10	0	0	0	0	0	0	0	0	0	0	0	0	0	0	0	0	0	0	0	
4	0	4	0	10	0.533333	0.180074	0.533333	0	0.2	4	4	4	0	4	-1.66706	-1.66706	0	-1.34464	-1.34464	0	0.8	0.8	0	
2	0	2	0	10	0.533333	0.0946573	0.533333	0	0.533333	4	4	4	0	4	1.95339	1.95339	0	4.1923	4.1923	0	2.13333	2.13333	0	
1	0	1	0	10	0	0	0	0	0	0	0	0	0	0	0	0	0	0	0	0	0	0	0	
1	0	1	0	10	0	0	0	0	0	0	0	0	0	0	0	0	0	0	0	0	0	0	0	
3	0	3	0	10	0.6	0.130537	0.6	0	0.288889	3	3	3	0	3	-0.657484	-0.657484	0	0.206017	0.206017	0	0.866667	0.866667	0	
4	0	4	0	10	0.733333	0.100532	0.733333	0	0.361111	4	4	4	0	4	0.0828215	0.0828215	0	-0.108954	-0.108954	0	1.44444	1.44444	0	
2	0	2	0	10	0.355556	0.159109	0.355556	0	0.355556	1	1	1	0	1	0.014992	0.014992	0	0.4167	0.4167	0	0.355556	0.355556	0	
4	0	4	0	10	0.822222	0.0716163	0.822222	0	0.371429	7	7	7	0	7	0.214998	0.214998	0	1.19657	1.19657	0	2.6	2.6	0	
2	0	2	0	10	0.355556	0.159109	0.355556	0	0.355556	1	1	1	0	1	0.014992	0.014992	0	0.4167	0.4167	0	0.355556	0.355556	0	
2	0	2	0	10	0.466667	0.131757	0.466667	0	0.466667	1	1	1	0	1	0.819796	0.819796	0	0.818008	0.818008	0	0.466667	0.466667	0	
2	0	2	0	10	0.466667	0.131757	0.466667	0	0.466667	1	1	1	0	1	0.819796	0.819796	0	0.818008	0.818008	0	0.466667	0.466667	0	
4	0	4	0	10	0.8	0.0758947	0.8	0	0.5	4	4	4	0	4	1.59134	1.59134	0	0.592409	0.592409	0	2	2	0	
3	0	3	0	10	0.6	0.130537	0.6	0	0.377778	3	3	3	0	3	0.24725	0.24725	0	0.722822	0.722822	0	1.13333	1.13333	0	
2	0	2	0	10	0.355556	0.159109	0.355556	0	0.355556	2	2	2	0	2	0.0188908	0.0188908	0	1.52347	1.52347	0	0.711111	0.711111	0	
3	0	3	0	10	0.622222	0.138307	0.622222	0	0.355556	2	2	2	0	2	0.0188908	0.0188908	0	-0.156119	-0.156119	0	0.711111	0.711111	0	
4	0	4	0	10	0.777778	0.0906765	0.777778	0	0.437037	6	6	6	0	6	0.977836	0.977836	0	1.21699	1.21699	0	2.62222	2.62222	0	
2	0	2	0	10	0.2	0.154143	0.2	0	0.2	1	1	1	0	1	-1.11173	-1.11173	0	-0.339314	-0.339314	0	0.2	0.2	0	
3	0	3	0	10	0.511111	0.164303	0.511111	0	0.428571	7	7	7	0	7	0.899706	0.899706	0	3.09964	3.09964	0	3	3	0	
3	0	3	0	10	0.733333	0.0764199	0.733333	0	0.5	2	2	2	0	2	1.33722	1.33722	0	0.477271	0.477271	0	1	1	0	
4	0	4	0	10	0.711111	0.117454	0.711111	0	0.463704	15	15	15	0	15	1.43617	1.43617	0	4.11734	4.11734	0	6.95556	6.95556	0	
2	0	2	0	10	0.2	0.154143	0.2	0	0.2	1	1	1	0	1	-1.11173	-1.11173	0	-0.339314	-0.339314	0	0.2	0.2	0	
1	0	1	0	10	0	0	0	0	0	0	0	0	0	0	0	0	0	0	0	0	0	0	0	
3	0	3	0	10	0.511111	0.164303	0.511111	0	0.277778	2	2	2	0	2	-0.69098	-0.69098	0	-0.593814	-0.593814	0	0.555556	0.555556	0	
5	0	5	0	10	0.844444	0.0795543	0.844444	0	0.355556	6	6	6	0	6	0.0242237	0.0242237	0	-0.455351	-0.455351	0	2.13333	2.13333	0	
7	0	7	0	10	0.911111	0.0773448	0.911111	0	0.32381	7	7	7	0	7	-0.355592	-0.355592	0	-2.87486	-2.87486	0	2.26667	2.26667	0	
6	0	6	0	10	0.888889	0.0754247	0.888889	0	0.384127	7	7	7	0	7	0.367155	0.367155	0	-1.08141	-1.08141	0	2.68889	2.68889	0	
1	0	1	0	10	0	0	0	0	0	0	0	0	0	0	0	0	0	0	0	0	0	0	0	
2	0	2	0	10	0.466667	0.131757	0.466667	0	0.466667	6	6	6	0	6	1.3246	1.3246	0	5.12957	5.12957	0	2.8	2.8	0	
1	0	1	0	10	0	0	0	0	0	0	0	0	0	0	0	0	0	0	0	0	0	0	0	
2	0	2	0	10	0.2	0.154143	0.2	0	0.2	4	4	4	0	4	-1.66706	-1.66706	0	1.74414	1.74414	0	0.8	0.8	0	
2	0	2	0	10	0.2	0.154143	0.2	0	0.2	1	1	1	0	1	-1.11173	-1.11173	0	-0.339314	-0.339314	0	0.2	0.2	0	
1	0	1	0	10	0	0	0	0	0	0	0	0	0	0	0	0	0	0	0	0	0	0	0	
3	0	3	0	10	0.644444	0.101237	0.644444	0	0.544444	2	2	2	0	2	1.74286	1.74286	0	0.643393	0.643393	0	1.08889	1.08889	0	
4	0	4	0	10	0.644444	0.151819	0.644444	0	0.328889	5	5	5	0	5	-0.279019	-0.279019	0	0.16615	0.16615	0	1.64444	1.64444	0	
2	0	2	0	10	0.2	0.154143	0.2	0	0.2	1	1	1	0	1	-1.11173	-1.11173	0	-0.339314	-0.339314	0	0.2	0.2	0	
4	0	4	0	10	0.533333	0.180074	0.533333	0	0.293333	5	5	5	0	5	-0.682351	-0.682351	0	-0.0767804	-0.0767804	0	1.46667	1.46667	0	
4	0	4	0	10	0.822222	0.0716163	0.822222	0	0.428571	7	7	7	0	7	0.899706	0.899706	0	1.54834	1.54834	0	3	3	0	
3	0	3	0	10	0.511111	0.164303	0.511111	0	0.281481	9	9	9	0	9	-0.891946	-0.891946	0	2.60619	2.60619	0	2.53333	2.53333	0	
3	0	3	0	10	0.622222	0.138307	0.622222	0	0.426667	10	10	10	0	10	0.917627	0.917627	0	4.27551	4.27551	0	4.26667	4.26667	0	
3	0	3	0	10	0.688889	0.103837	0.688889	0	0.535802	9	9	9	0	9	2.25843	2.25843	0	4.73534	4.73534	0	4.82222	4.82222	0	
5	0	5	0	10	0.822222	0.0969307	0.822222	0	0.364444	5	5	5	0	5	0.124312	0.124312	0	-0.815009	-0.815009	0	1.82222	1.82222	0	
3	0	3	0	10	0.511111	0.164303	0.511111	0	0.360684	13	13	13	0	13	0.0926602	0.0926602	0	4.62757	4.62757	0	4.68889	4.68889	0	
1	0	1	0	10	0	0	0	0	0	0	0	0	0	0	0	0	0	0	0	0	0	0	0	
1	0	1	0	10	0	0	0	0	0	0	0	0	0	0	0	0	0	0	0	0	0	0	0	
3	0	3	0	10	0.6	0.130537	0.6	0	0.4	4	4	4	0	4	0.505207	0.505207	0	1.45344	1.45344	0	1.6	1.6	0	
5	0	5	0	10	0.8	0.100133	0.8	0	0.311111	6	6	6	0	6	-0.495928	-0.495928	0	-0.759769	-0.759769	0	1.86667	1.86667	0	
1	0	1	0	10	0	0	0	0	0	0	0	0	0	0	0	0	0	0	0	0	0	0	0	
1	0	1	0	10	0	0	0	0	0	0	0	0	0	0	0	0	0	0	0	0	0	0	0	
2	0	2	0	10	0.2	0.154143	0.2	0	0.2	1	1	1	0	1	-1.11173	-1.11173	0	-0.339314	-0.339314	0	0.2	0.2	0	
4	0	4	0	10	0.644444	0.151819	0.644444	0	0.324444	5	5	5	0	5	-0.329436	-0.329436	0	0.137067	0.137067	0	1.62222	1.62222	0	
4	0	4	0	10	0.822222	0.0716163	0.822222	0	0.392593	6	6	6	0	6	0.457684	0.457684	0	0.963749	0.963749	0	2.35556	2.35556	0	
2	0	2	0	10	0.533333	0.0946573	0.533333	0	0.533333	1	1	1	0	1	1.30268	1.30268	0	1.02917	1.02917	0	0.533333	0.533333	0	
3	0	3	0	10	0.688889	0.103837	0.688889	0	0.492593	6	6	6	0	6	1.62803	1.62803	0	3.05434	3.05434	0	2.95556	2.95556	0	
3	0	3	0	10	0.511111	0.164303	0.511111	0	0.333333	2	2	2	0	2	-0.183929	-0.183929	0	-0.27178	-0.27178	0	0.666667	0.666667	0	
5	0	5	0	10	0.822222	0.0969307	0.822222	0	0.4	7	7	7	0	7	0.557352	0.557352	0	0.163641	0.163641	0	2.8	2.8	0	
2	0	2	0	10	0.533333	0.0946573	0.533333	0	0.533333	7	7	7	0	7	2.155	2.155	0	6.27254	6.27254	0	3.73333	3.73333	0	
3	0	3	0	10	0.688889	0.103837	0.688889	0	0.42963	3	3	3	0	3	0.775012	0.775012	0	0.984981	0.984981	0	1.28889	1.28889	0	
2	0	2	0	10	0.2	0.154143	0.2	0	0.2	2	2	2	0	2	-1.40085	-1.40085	0	0.586219	0.586219	0	0.4	0.4	0	
4	0	4	0	10	0.711111	0.117454	0.711111	0	0.355556	4	4	4	0	4	0.0224807	0.0224807	0	-0.141577	-0.141577	0	1.42222	1.42222	0	
4	0	4	0	10	0.777778	0.0906765	0.777778	0	0.35	4	4	4	0	4	-0.03786	-0.03786	0	-0.174668	-0.174668	0	1.4	1.4	0	
4	0	4	0	10	0.777778	0.0906765	0.777778	0	0.44	5	5	5	0	5	0.981391	0.981391	0	0.806707	0.806707	0	2.2	2.2	0	
4	0	4	0	10	0.777778	0.0906765	0.777778	0	0.37037	3	3	3	0	3	0.171856	0.171856	0	-0.65694	-0.65694	0	1.11111	1.11111	0	
4	0	4	0	10	0.533333	0.180074	0.533333	0	0.2	5	5	5	0	5	-1.7411	-1.7411	0	-0.876332	-0.876332	0	1	1	0	
1	0	1	0	10	0	0	0	0	0	0	0	0	0	0	0	0	0	0	0	0	0	0	0	
3	0	3	0	10	0.622222	0.138307	0.622222	0	0.444444	2	2	2	0	2	0.830172	0.830172	0	0.253363	0.253363	0	0.888889	0.888889	0	
2	0	2	0	10	0.355556	0.159109	0.355556	0	0.355556	1	1	1	0	1	0.014992	0.014992	0	0.4167	0.4167	0	0.355556	0.355556	0	
2	0	2	0	10	0.355556	0.159109	0.355556	0	0.355556	1	1	1	0	1	0.014992	0.014992	0	0.4167	0.4167	0	0.355556	0.355556	0	
4	0	4	0	10	0.711111	0.117454	0.711111	0	0.431111	5	5	5	0	5	0.880558	0.880558	0	0.760374	0.760374	0	2.15556	2.15556	0	
4	0	4	0	10	0.711111	0.117454	0.711111	0	0.366667	4	4	4	0	4	0.143162	0.143162	0	-0.0767804	-0.0767804	0	1.46667	1.46667	0	
2	0	2	0	10	0.466667	0.131757	0.466667	0	0.466667	1	1	1	0	1	0.819796	0.819796	0	0.818008	0.818008	0	0.466667	0.466667	0	
3	0	3	0	10	0.6	0.130537	0.6	0	0.238095	14	14	14	0	14	-1.49506	-1.49506	0	3.42946	3.42946	0	3.33333	3.33333	0	
5	0	5	0	10	0.8	0.100133	0.8	0	0.416667	8	8	8	0	8	0.771137	0.771137	0	0.567899	0.567899	0	3.33333	3.33333	0	
2	0	2	0	10	0.466667	0.131757	0.466667	0	0.466667	1	1	1	0	1	0.819796	0.819796	0	0.818008	0.818008	0	0.466667	0.466667	0	
2	0	2	0	10	0.466667	0.131757	0.466667	0	0.466667	1	1	1	0	1	0.819796	0.819796	0	0.818008	0.818008	0	0.466667	0.466667	0	
3	0	3	0	10	0.733333	0.0764199	0.733333	0	0.466667	2	2	2	0	2	1.03299	1.03299	0	0.345355	0.345355	0	0.933333	0.933333	0	
3	0	3	0	10	0.377778	0.181279	0.377778	0	0.336111	8	8	8	0	8	-0.212061	-0.212061	0	2.77528	2.77528	0	2.68889	2.68889	0	
3	0	3	0	10	0.644444	0.101237	0.644444	0	0.455556	4	4	4	0	4	1.10861	1.10861	0	1.75544	1.75544	0	1.82222	1.82222	0	
2	0	2	0	10	0.555556	0.0745356	0.555556	0	0.555556	5	5	5	0	5	2.29222	2.29222	0	5.10018	5.10018	0	2.77778	2.77778	0	
2	0	2	0	10	0.533333	0.0946573	0.533333	0	0.533333	1	1	1	0	1	1.30268	1.30268	0	1.02917	1.02917	0	0.533333	0.533333	0	
4	0	4	0	10	0.711111	0.117454	0.711111	0	0.318519	6	6	6	0	6	-0.409236	-0.409236	0	0.491914	0.491914	0	1.91111	1.91111	0	
4	0	4	0	10	0.533333	0.180074	0.533333	0	0.2	8	8	8	0	8	-1.87333	-1.87333	0	0.107641	0.107641	0	1.6	1.6	0	
3	0	3	0	10	0.511111	0.164303	0.511111	0	0.262222	5	5	5	0	5	-1.03527	-1.03527	0	1.02067	1.02067	0	1.31111	1.31111	0	
3	0	3	0	10	0.733333	0.0764199	0.733333	0	0.52	5	5	5	0	5	1.88889	1.88889	0	2.67927	2.67927	0	2.6	2.6	0	
4	0	4	0	10	0.777778	0.0906765	0.777778	0	0.305556	4	4	4	0	4	-0.520586	-0.520586	0	-0.458546	-0.458546	0	1.22222	1.22222	0	
4	0	4	0	10	0.644444	0.151819	0.644444	0	0.45	8	8	8	0	8	1.17798	1.17798	0	2.02587	2.02587	0	3.6	3.6	0	
1	0	1	0	10	0	0	0	0	0	0	0	0	0	0	0	0	0	0	0	0	0	0	0	
3	0	3	0	10	0.6	0.130537	0.6	0	0.373333	5	5	5	0	5	0.225145	0.225145	0	1.81329	1.81329	0	1.86667	1.86667	0	
3	0	3	0	10	0.511111	0.164303	0.511111	0	0.333333	7	7	7	0	7	-0.241474	-0.241474	0	2.38099	2.38099	0	2.33333	2.33333	0	
6	0	6	0	10	0.866667	0.0850098	0.866667	0	0.272222	8	8	8	0	8	-0.991839	-0.991839	0	-1.61059	-1.61059	0	2.17778	2.17778	0	
4	0	4	0	10	0.777778	0.0906765	0.777778	0	0.514286	14	14	14	0	14	2.08341	2.08341	0	4.24558	4.24558	0	7.2	7.2	0	
2	0	2	0	10	0.555556	0.0745356	0.555556	0	0.555556	2	2	2	0	2	1.84427	1.84427	0	2.42917	2.42917	0	1.11111	1.11111	0	
4	0	4	0	10	0.733333	0.100532	0.733333	0	0.281481	6	6	6	0	6	-0.842697	-0.842697	0	0.223331	0.223331	0	1.68889	1.68889	0	
3	0	3	0	10	0.688889	0.103837	0.688889	0	0.459259	3	3	3	0	3	1.07659	1.07659	0	1.12546	1.12546	0	1.37778	1.37778	0	
2	0	2	0	10	0.2	0.154143	0.2	0	0.2	1	1	1	0	1	-1.11173	-1.11173	0	-0.339314	-0.339314	0	0.2	0.2	0	
2	0	2	0	10	0.555556	0.0745356	0.555556	0	0.555556	2	2	2	0	2	1.84427	1.84427	0	2.42917	2.42917	0	1.11111	1.11111	0	
6	0	6	0	10	0.888889	0.0754247	0.888889	0	0.297778	5	5	5	0	5	-0.631934	-0.631934	0	-2.64729	-2.64729	0	1.48889	1.48889	0	
4	0	4	0	10	0.8	0.0758947	0.8	0	0.377778	3	3	3	0	3	0.24725	0.24725	0	-0.615736	-0.615736	0	1.13333	1.13333	0	
2	0	2	0	10	0.466667	0.131757	0.466667	0	0.466667	1	1	1	0	1	0.819796	0.819796	0	0.818008	0.818008	0	0.466667	0.466667	0	
2	0	2	0	10	0.2	0.154143	0.2	0	0.2	1	1	1	0	1	-1.11173	-1.11173	0	-0.339314	-0.339314	0	0.2	0.2	0	
2	0	2	0	10	0.533333	0.0946573	0.533333	0	0.533333	1	1	1	0	1	1.30268	1.30268	0	1.02917	1.02917	0	0.533333	0.533333	0	
2	0	2	0	10	0.533333	0.0946573	0.533333	0	0.533333	3	3	3	0	3	1.83053	1.83053	0	3.33815	3.33815	0	1.6	1.6	0	
5	0	5	0	10	0.844444	0.0795543	0.844444	0	0.368889	5	5	5	0	5	0.174728	0.174728	0	-0.787208	-0.787208	0	1.84444	1.84444	0	
2	0	2	0	10	0.355556	0.159109	0.355556	0	0.355556	3	3	3	0	3	0.0210669	0.0210669	0	2.33782	2.33782	0	1.06667	1.06667	0	
4	0	4	0	10	0.777778	0.0906765	0.777778	0	0.454167	16	16	16	0	16	1.3185	1.3185	0	4.28014	4.28014	0	7.26667	7.26667	0	
4	0	4	0	10	0.533333	0.180074	0.533333	0	0.359259	6	6	6	0	6	0.0675697	0.0675697	0	0.760374	0.760374	0	2.15556	2.15556	0	
3	0	3	0	10	0.6	0.130537	0.6	0	0.527778	12	12	12	0	12	2.22704	2.22704	0	5.85987	5.85987	0	6.33333	6.33333	0	
2	0	2	0	10	0.533333	0.0946573	0.533333	0	0.533333	6	6	6	0	6	2.10483	2.10483	0	5.64007	5.64007	0	3.2	3.2	0	
3	0	3	0	10	0.377778	0.181279	0.377778	0	0.277778	4	4	4	0	4	-0.82229	-0.82229	0	0.683388	0.683388	0	1.11111	1.11111	0	
4	0	4	0	10	0.711111	0.117454	0.711111	0	0.284444	5	5	5	0	5	-0.783184	-0.783184	0	-0.141577	-0.141577	0	1.42222	1.42222	0	
3	0	3	0	10	0.644444	0.101237	0.644444	0	0.288889	4	4	4	0	4	-0.701608	-0.701608	0	0.761719	0.761719	0	1.15556	1.15556	0	
2	0	2	0	10	0.533333	0.0946573	0.533333	0	0.533333	1	1	1	0	1	1.30268	1.30268	0	1.02917	1.02917	0	0.533333	0.533333	0	
4	0	4	0	10	0.533333	0.180074	0.533333	0	0.251852	3	3	3	0	3	-1.03446	-1.03446	0	-1.46598	-1.46598	0	0.755556	0.755556	0	
3	0	3	0	10	0.377778	0.181279	0.377778	0	0.2	5	5	5	0	5	-1.7411	-1.7411	0	0.477271	0.477271	0	1	1	0	
2	0	2	0	10	0.2	0.154143	0.2	0	0.2	7	7	7	0	7	-1.83913	-1.83913	0	2.98462	2.98462	0	1.4	1.4	0	
3	0	3	0	10	0.711111	0.0859974	0.711111	0	0.488889	4	4	4	0	4	1.47066	1.47066	0	1.92679	1.92679	0	1.95556	1.95556	0	
2	0	2	0	10	0.555556	0.0745356	0.555556	0	0.555556	2	2	2	0	2	1.84427	1.84427	0	2.42917	2.42917	0	1.11111	1.11111	0	
6	0	6	0	10	0.888889	0.0754247	0.888889	0	0.416667	8	8	8	0	8	0.771137	0.771137	0	-0.564373	-0.564373	0	3.33333	3.33333	0	
4	0	4	0	10	0.777778	0.0906765	0.777778	0	0.362963	3	3	3	0	3	0.0964614	0.0964614	0	-0.698978	-0.698978	0	1.08889	1.08889	0	
3	0	3	0	10	0.622222	0.138307	0.622222	0	0.444444	2	2	2	0	2	0.830172	0.830172	0	0.253363	0.253363	0	0.888889	0.888889	0	
6	0	6	0	10	0.866667	0.0850098	0.866667	0	0.483333	16	16	16	0	16	1.70046	1.70046	0	1.45295	1.45295	0	7.73333	7.73333	0	
5	0	5	0	10	0.822222	0.0969307	0.822222	0	0.406061	11	11	11	0	11	0.665995	0.665995	0	1.27865	1.27865	0	4.46667	4.46667	0	
4	0	4	0	10	0.8	0.0758947	0.8	0	0.446667	10	10	10	0	10	1.16841	1.16841	0	2.64184	2.64184	0	4.46667	4.46667	0	
1	0	1	0	10	0	0	0	0	0	0	0	0	0	0	0	0	0	0	0	0	0	0	0	
2	0	2	0	10	0.466667	0.131757	0.466667	0	0.466667	3	3	3	0	3	1.15198	1.15198	0	2.98462	2.98462	0	1.4	1.4	0	
4	0	4	0	10	0.733333	0.119889	0.733333	0	0.322222	4	4	4	0	4	-0.339564	-0.339564	0	-0.347779	-0.347779	0	1.28889	1.28889	0	
4	0	4	0	10	0.533333	0.180074	0.533333	0	0.348148	12	12	12	0	12	-0.0682021	-0.0682021	0	2.44443	2.44443	0	4.17778	4.17778	0	
1	0	1	0	10	0	0	0	0	0	0	0	0	0	0	0	0	0	0	0	0	0	0	0	
3	0	3	0	10	0.711111	0.0859974	0.711111	0	0.488889	4	4	4	0	4	1.47066	1.47066	0	1.92679	1.92679	0	1.95556	1.95556	0	
4	0	4	0	10	0.733333	0.100532	0.733333	0	0.342222	5	5	5	0	5	-0.12777	-0.12777	0	0.251449	0.251449	0	1.71111	1.71111	0	
3	0	3	0	10	0.688889	0.103837	0.688889	0	0.411111	2	2	2	0	2	0.525941	0.525941	0	0.108362	0.108362	0	0.822222	0.822222	0	
3	0	3	0	10	0.711111	0.0859974	0.711111	0	0.414815	3	3	3	0	3	0.624223	0.624223	0	0.912362	0.912362	0	1.24444	1.24444	0	
2	0	2	0	10	0.2	0.154143	0.2	0	0.2	3	3	3	0	3	-1.56222	-1.56222	0	1.22453	1.22453	0	0.6	0.6	0	
1	0	1	0	10	0	0	0	0	0	0	0	0	0	0	0	0	0	0	0	0	0	0	0	
2	0	2	0	10	0.355556	0.159109	0.355556	0	0.355556	1	1	1	0	1	0.014992	0.014992	0	0.4167	0.4167	0	0.355556	0.355556	0	
3	0	3	0	10	0.377778	0.181279	0.377778	0	0.251852	3	3	3	0	3	-1.03446	-1.03446	0	-0.0464656	-0.0464656	0	0.755556	0.755556	0	
3	0	3	0	10	0.511111	0.164303	0.511111	0	0.277778	2	2	2	0	2	-0.69098	-0.69098	0	-0.593814	-0.593814	0	0.555556	0.555556	0	
3	0	3	0	10	0.733333	0.0764199	0.733333	0	0.5	2	2	2	0	2	1.33722	1.33722	0	0.477271	0.477271	0	1	1	0	
2	0	2	0	10	0.2	0.154143	0.2	0	0.2	1	1	1	0	1	-1.11173	-1.11173	0	-0.339314	-0.339314	0	0.2	0.2	0	
2	0	2	0	10	0.555556	0.0745356	0.555556	0	0.555556	1	1	1	0	1	1.46364	1.46364	0	1.09586	1.09586	0	0.555556	0.555556	0	
1	0	1	0	10	0	0	0	0	0	0	0	0	0	0	0	0	0	0	0	0	0	0	0	
3	0	3	0	10	0.644444	0.101237	0.644444	0	0.422222	3	3	3	0	3	0.699617	0.699617	0	0.948883	0.948883	0	1.26667	1.26667	0	
3	0	3	0	10	0.511111	0.164303	0.511111	0	0.322222	6	6	6	0	6	-0.36589	-0.36589	0	1.89868	1.89868	0	1.93333	1.93333	0	
6	0	6	0	10	0.844444	0.102935	0.844444	0	0.419753	9	9	9	0	9	0.82088	0.82088	0	-0.269339	-0.269339	0	3.77778	3.77778	0	
3	0	3	0	10	0.644444	0.101237	0.644444	0	0.466667	4	4	4	0	4	1.2293	1.2293	0	1.81329	1.81329	0	1.86667	1.86667	0	
2	0	2	0	10	0.355556	0.159109	0.355556	0	0.355556	1	1	1	0	1	0.014992	0.014992	0	0.4167	0.4167	0	0.355556	0.355556	0	
3	0	3	0	10	0.733333	0.0764199	0.733333	0	0.52	10	10	10	0	10	2.08795	2.08795	0	5.0325	5.0325	0	5.2	5.2	0	
3	0	3	0	10	0.688889	0.103837	0.688889	0	0.505556	4	4	4	0	4	1.65168	1.65168	0	2.01009	2.01009	0	2.02222	2.02222	0	
5	0	5	0	10	0.822222	0.0969307	0.822222	0	0.384615	13	13	13	0	13	0.400733	0.400733	0	1.56845	1.56845	0	5	5	0	
2	0	2	0	10	0.2	0.154143	0.2	0	0.2	4	4	4	0	4	-1.66706	-1.66706	0	1.74414	1.74414	0	0.8	0.8	0	
3	0	3	0	10	0.644444	0.101237	0.644444	0	0.422222	3	3	3	0	3	0.699617	0.699617	0	0.948883	0.948883	0	1.26667	1.26667	0	
3	0	3	0	10	0.6	0.130537	0.6	0	0.4	4	4	4	0	4	0.505207	0.505207	0	1.45344	1.45344	0	1.6	1.6	0	
5	0	5	0	10	0.822222	0.0969307	0.822222	0	0.405556	4	4	4	0	4	0.565548	0.565548	0	-1.08351	-1.08351	0	1.62222	1.62222	0	
3	0	3	0	10	0.711111	0.0859974	0.711111	0	0.474074	3	3	3	0	3	1.22738	1.22738	0	1.19353	1.19353	0	1.42222	1.42222	0	
3	0	3	0	10	0.6	0.130537	0.6	0	0.422222	3	3	3	0	3	0.699617	0.699617	0	0.948883	0.948883	0	1.26667	1.26667	0	
3	0	3	0	10	0.688889	0.103837	0.688889	0	0.511111	2	2	2	0	2	1.43863	1.43863	0	0.519781	0.519781	0	1.02222	1.02222	0	
3	0	3	0	10	0.511111	0.164303	0.511111	0	0.324444	5	5	5	0	5	-0.329436	-0.329436	0	1.48469	1.48469	0	1.62222	1.62222	0	
3	0	3	0	10	0.688889	0.103837	0.688889	0	0.438889	4	4	4	0	4	0.927592	0.927592	0	1.66715	1.66715	0	1.75556	1.75556	0	
2	0	2	0	10	0.355556	0.159109	0.355556	0	0.355556	8	8	8	0	8	0.0252623	0.0252623	0	5.18801	5.18801	0	2.84444	2.84444	0	
4	0	4	0	10	0.733333	0.119889	0.733333	0	0.333333	5	5	5	0	5	-0.228603	-0.228603	0	0.194901	0.194901	0	1.66667	1.66667	0	
1	0	1	0	10	0	0	0	0	0	0	0	0	0	0	0	0	0	0	0	0	0	0	0	
2	0	2	0	10	0.466667	0.131757	0.466667	0	0.466667	1	1	1	0	1	0.819796	0.819796	0	0.818008	0.818008	0	0.466667	0.466667	0	
2	0	2	0	10	0.355556	0.159109	0.355556	0	0.355556	2	2	2	0	2	0.0188908	0.0188908	0	1.52347	1.52347	0	0.711111	0.711111	0	
3	0	3	0	10	0.6	0.130537	0.6	0	0.311111	3	3	3	0	3	-0.4313	-0.4313	0	0.345355	0.345355	0	0.933333	0.933333	0	
4	0	4	0	10	0.711111	0.117454	0.711111	0	0.466667	5	5	5	0	5	1.28389	1.28389	0	0.941774	0.941774	0	2.33333	2.33333	0	
3	0	3	0	10	0.6	0.130537	0.6	0	0.466667	5	5	5	0	5	1.28389	1.28389	0	2.38099	2.38099	0	2.33333	2.33333	0	
3	0	3	0	10	0.733333	0.0764199	0.733333	0	0.466667	2	2	2	0	2	1.03299	1.03299	0	0.345355	0.345355	0	0.933333	0.933333	0	
2	0	2	0	10	0.355556	0.159109	0.355556	0	0.355556	2	2	2	0	2	0.0188908	0.0188908	0	1.52347	1.52347	0	0.711111	0.711111	0	
5	0	5	0	10	0.844444	0.0795543	0.844444	0	0.344444	4	4	4	0	4	-0.0982008	-0.0982008	0	-1.46822	-1.46822	0	1.37778	1.37778	0	
3	0	3	0	10	0.688889	0.103837	0.688889	0	0.486111	8	8	8	0	8	1.61872	1.61872	0	3.9453	3.9453	0	3.88889	3.88889	0	
2	0	2	0	10	0.533333	0.0946573	0.533333	0	0.533333	2	2	2	0	2	1.64145	1.64145	0	2.33782	2.33782	0	1.06667	1.06667	0	
2	0	2	0	10	0.2	0.154143	0.2	0	0.2	1	1	1	0	1	-1.11173	-1.11173	0	-0.339314	-0.339314	0	0.2	0.2	0	
2	0	2	0	10	0.355556	0.159109	0.355556	0	0.355556	3	3	3	0	3	0.0210669	0.0210669	0	2.33782	2.33782	0	1.06667	1.06667	0	
2	0	2	0	10	0.2	0.154143	0.2	0	0.2	1	1	1	0	1	-1.11173	-1.11173	0	-0.339314	-0.339314	0	0.2	0.2	0	
4	0	4	0	10	0.733333	0.100532	0.733333	0	0.422222	6	6	6	0	6	0.804452	0.804452	0	1.1346	1.1346	0	2.53333	2.53333	0	
1	0	1	0	10	0	0	0	0	0	0	0	0	0	0	0	0	0	0	0	0	0	0	0	
4	0	4	0	10	0.644444	0.151819	0.644444	0	0.311111	3	3	3	0	3	-0.4313	-0.4313	0	-1.02041	-1.02041	0	0.933333	0.933333	0	
2	0	2	0	10	0.2	0.154143	0.2	0	0.2	1	1	1	0	1	-1.11173	-1.11173	0	-0.339314	-0.339314	0	0.2	0.2	0	
3	0	3	0	10	0.644444	0.101237	0.644444	0	0.318519	3	3	3	0	3	-0.355906	-0.355906	0	0.390095	0.390095	0	0.955556	0.955556	0	
3	0	3	0	10	0.6	0.130537	0.6	0	0.4	6	6	6	0	6	0.544376	0.544376	0	2.4571	2.4571	0	2.4	2.4	0	
3	0	3	0	10	0.688889	0.103837	0.688889	0	0.461111	4	4	4	0	4	1.16896	1.16896	0	1.78446	1.78446	0	1.84444	1.84444	0	
1	0	1	0	10	0	0	0	0	0	0	0	0	0	0	0	0	0	0	0	0	0	0	0	
3	0	3	0	10	0.511111	0.164303	0.511111	0	0.231111	5	5	5	0	5	-1.38818	-1.38818	0	0.761719	0.761719	0	1.15556	1.15556	0	
1	0	1	0	10	0	0	0	0	0	0	0	0	0	0	0	0	0	0	0	0	0	0	0	
1	0	1	0	10	0	0	0	0	0	0	0	0	0	0	0	0	0	0	0	0	0	0	0	
3	0	3	0	10	0.377778	0.181279	0.377778	0	0.251852	3	3	3	0	3	-1.03446	-1.03446	0	-0.0464656	-0.0464656	0	0.755556	0.755556	0	
3	0	3	0	10	0.377778	0.181279	0.377778	0	0.2	2	2	2	0	2	-1.40085	-1.40085	0	-1.16394	-1.16394	0	0.4	0.4	0	
2	0	2	0	10	0.2	0.154143	0.2	0	0.2	2	2	2	0	2	-1.40085	-1.40085	0	0.586219	0.586219	0	0.4	0.4	0	
6	0	6	0	10	0.888889	0.0754247	0.888889	0	0.405556	12	12	12	0	12	0.665329	0.665329	0	0.324527	0.324527	0	4.86667	4.86667	0	
2	0	2	0	10	0.2	0.154143	0.2	0	0.2	1	1	1	0	1	-1.11173	-1.11173	0	-0.339314	-0.339314	0	0.2	0.2	0	
4	0	4	0	10	0.822222	0.0716163	0.822222	0	0.441975	9	9	9	0	9	1.09616	1.09616	0	2.30339	2.30339	0	3.97778	3.97778	0	
2	0	2	0	10	0.533333	0.0946573	0.533333	0	0.533333	1	1	1	0	1	1.30268	1.30268	0	1.02917	1.02917	0	0.533333	0.533333	0	
3	0	3	0	10	0.733333	0.0764199	0.733333	0	0.514286	7	7	7	0	7	1.92677	1.92677	0	3.68192	3.68192	0	3.6	3.6	0	
1	0	1	0	10	0	0	0	0	0	0	0	0	0	0	0	0	0	0	0	0	0	0	0	
2	0	2	0	10	0.355556	0.159109	0.355556	0	0.355556	1	1	1	0	1	0.014992	0.014992	0	0.4167	0.4167	0	0.355556	0.355556	0	
2	0	2	0	10	0.533333	0.0946573	0.533333	0	0.533333	4	4	4	0	4	1.95339	1.95339	0	4.1923	4.1923	0	2.13333	2.13333	0	
1	0	1	0	10	0	0	0	0	0	0	0	0	0	0	0	0	0	0	0	0	0	0	0	
3	0	3	0	10	0.6	0.130537	0.6	0	0.366667	2	2	2	0	2	0.120301	0.120301	0	-0.100592	-0.100592	0	0.733333	0.733333	0	
1	0	1	0	10	0	0	0	0	0	0	0	0	0	0	0	0	0	0	0	0	0	0	0	
2	0	2	0	10	0.355556	0.159109	0.355556	0	0.355556	1	1	1	0	1	0.014992	0.014992	0	0.4167	0.4167	0	0.355556	0.355556	0	
2	0	2	0	10	0.2	0.154143	0.2	0	0.2	1	1	1	0	1	-1.11173	-1.11173	0	-0.339314	-0.339314	0	0.2	0.2	0	
3	0	3	0	10	0.711111	0.0859974	0.711111	0	0.474074	3	3	3	0	3	1.22738	1.22738	0	1.19353	1.19353	0	1.42222	1.42222	0	
3	0	3	0	10	0.511111	0.164303	0.511111	0	0.277778	2	2	2	0	2	-0.69098	-0.69098	0	-0.593814	-0.593814	0	0.555556	0.555556	0	
3	0	3	0	10	0.711111	0.0859974	0.711111	0	0.444444	2	2	2	0	2	0.830172	0.830172	0	0.253363	0.253363	0	0.888889	0.888889	0	
4	0	4	0	10	0.777778	0.0906765	0.777778	0	0.455556	8	8	8	0	8	1.24578	1.24578	0	2.05934	2.05934	0	3.64444	3.64444	0	
2	0	2	0	10	0.533333	0.0946573	0.533333	0	0.533333	1	1	1	0	1	1.30268	1.30268	0	1.02917	1.02917	0	0.533333	0.533333	0	
4	0	4	0	10	0.733333	0.119889	0.733333	0	0.4	9	9	9	0	9	0.57619	0.57619	0	2.02587	2.02587	0	3.6	3.6	0	
3	0	3	0	10	0.733333	0.0764199	0.733333	0	0.493333	5	5	5	0	5	1.58639	1.58639	0	2.53215	2.53215	0	2.46667	2.46667	0	
4	0	4	0	10	0.711111	0.117454	0.711111	0	0.366667	4	4	4	0	4	0.143162	0.143162	0	-0.0767804	-0.0767804	0	1.46667	1.46667	0	
2	0	2	0	10	0.466667	0.131757	0.466667	0	0.466667	4	4	4	0	4	1.2293	1.2293	0	3.7793	3.7793	0	1.86667	1.86667	0	
3	0	3	0	10	0.6	0.130537	0.6	0	0.422222	6	6	6	0	6	0.804452	0.804452	0	2.60619	2.60619	0	2.53333	2.53333	0	
4	0	4	0	10	0.777778	0.0906765	0.777778	0	0.417778	5	5	5	0	5	0.729309	0.729309	0	0.689539	0.689539	0	2.08889	2.08889	0	
4	0	4	0	10	0.733333	0.100532	0.733333	0	0.463889	8	8	8	0	8	1.34749	1.34749	0	2.10912	2.10912	0	3.71111	3.71111	0	
4	0	4	0	10	0.777778	0.0906765	0.777778	0	0.435556	5	5	5	0	5	0.930975	0.930975	0	0.783627	0.783627	0	2.17778	2.17778	0	
4	0	4	0	10	0.644444	0.151819	0.644444	0	0.322222	4	4	4	0	4	-0.339564	-0.339564	0	-0.347779	-0.347779	0	1.28889	1.28889	0	
1	0	1	0	10	0	0	0	0	0	0	0	0	0	0	0	0	0	0	0	0	0	0	0	
5	0	5	0	10	0.844444	0.0795543	0.844444	0	0.417778	5	5	5	0	5	0.729309	0.729309	0	-0.50321	-0.50321	0	2.08889	2.08889	0	
4	0	4	0	10	0.711111	0.117454	0.711111	0	0.441667	8	8	8	0	8	1.07627	1.07627	0	1.97522	1.97522	0	3.53333	3.53333	0	
5	0	5	0	10	0.866667	0.0713676	0.866667	0	0.395556	5	5	5	0	5	0.477227	0.477227	0	-0.627661	-0.627661	0	1.97778	1.97778	0	
3	0	3	0	10	0.6	0.130537	0.6	0	0.333333	2	2	2	0	2	-0.183929	-0.183929	0	-0.27178	-0.27178	0	0.666667	0.666667	0	
2	0	2	0	10	0.2	0.154143	0.2	0	0.2	3	3	3	0	3	-1.56222	-1.56222	0	1.22453	1.22453	0	0.6	0.6	0	
3	0	3	0	10	0.622222	0.138307	0.622222	0	0.355556	5	5	5	0	5	0.0234791	0.0234791	0	1.69679	1.69679	0	1.77778	1.77778	0	
3	0	3	0	10	0.644444	0.101237	0.644444	0	0.45	4	4	4	0	4	1.04827	1.04827	0	1.72621	1.72621	0	1.8	1.8	0	
3	0	3	0	10	0.511111	0.164303	0.511111	0	0.359259	6	6	6	0	6	0.0675697	0.0675697	0	2.17244	2.17244	0	2.15556	2.15556	0	
5	0	5	0	10	0.755556	0.129546	0.755556	0	0.22963	9	9	9	0	9	-1.53425	-1.53425	0	-0.527536	-0.527536	0	2.06667	2.06667	0	
3	0	3	0	10	0.377778	0.181279	0.377778	0	0.2	6	6	6	0	6	-1.79631	-1.79631	0	0.83799	0.83799	0	1.2	1.2	0	
3	0	3	0	10	0.733333	0.0764199	0.733333	0	0.488889	3	3	3	0	3	1.37817	1.37817	0	1.26028	1.26028	0	1.46667	1.46667	0	
3	0	3	0	10	0.511111	0.164303	0.511111	0	0.238889	4	4	4	0	4	-1.24468	-1.24468	0	0.390095	0.390095	0	0.955556	0.955556	0	
2	0	2	0	10	0.2	0.154143	0.2	0	0.2	2	2	2	0	2	-1.40085	-1.40085	0	0.586219	0.586219	0	0.4	0.4	0	
3	0	3	0	10	0.511111	0.164303	0.511111	0	0.340741	3	3	3	0	3	-0.129722	-0.129722	0	0.519781	0.519781	0	1.02222	1.02222	0	
1	0	1	0	10	0	0	0	0	0	0	0	0	0	0	0	0	0	0	0	0	0	0	0	
4	0	4	0	10	0.733333	0.100532	0.733333	0	0.453968	7	7	7	0	7	1.20402	1.20402	0	1.6953	1.6953	0	3.17778	3.17778	0	
3	0	3	0	10	0.644444	0.101237	0.644444	0	0.496296	6	6	6	0	6	1.67137	1.67137	0	3.07703	3.07703	0	2.97778	2.97778	0	
3	0	3	0	10	0.688889	0.103837	0.688889	0	0.505556	4	4	4	0	4	1.65168	1.65168	0	2.01009	2.01009	0	2.02222	2.02222	0	
4	0	4	0	10	0.711111	0.117454	0.711111	0	0.318519	3	3	3	0	3	-0.355906	-0.355906	0	-0.971216	-0.971216	0	0.955556	0.955556	0	
3	0	3	0	10	0.733333	0.0764199	0.733333	0	0.466667	4	4	4	0	4	1.2293	1.2293	0	1.81329	1.81329	0	1.86667	1.86667	0	
5	0	5	0	10	0.844444	0.0795543	0.844444	0	0.366667	4	4	4	0	4	0.143162	0.143162	0	-1.31974	-1.31974	0	1.46667	1.46667	0	
4	0	4	0	10	0.8	0.0758947	0.8	0	0.433333	4	4	4	0	4	0.867251	0.867251	0	0.279264	0.279264	0	1.73333	1.73333	0	
3	0	3	0	10	0.644444	0.101237	0.644444	0	0.544444	2	2	2	0	2	1.74286	1.74286	0	0.643393	0.643393	0	1.08889	1.08889	0	
4	0	4	0	10	0.8	0.0758947	0.8	0	0.4	3	3	3	0	3	0.473434	0.473434	0	-0.496767	-0.496767	0	1.2	1.2	0	
5	0	5	0	10	0.755556	0.129546	0.755556	0	0.447619	7	7	7	0	7	1.12794	1.12794	0	0.423273	0.423273	0	3.13333	3.13333	0	
2	0	2	0	10	0.355556	0.159109	0.355556	0	0.355556	2	2	2	0	2	0.0188908	0.0188908	0	1.52347	1.52347	0	0.711111	0.711111	0	
3	0	3	0	10	0.644444	0.101237	0.644444	0	0.491667	8	8	8	0	8	1.68653	1.68653	0	3.98495	3.98495	0	3.93333	3.93333	0	
4	0	4	0	10	0.733333	0.100532	0.733333	0	0.37037	6	6	6	0	6	0.197608	0.197608	0	0.829618	0.829618	0	2.22222	2.22222	0	
3	0	3	0	10	0.622222	0.138307	0.622222	0	0.444444	2	2	2	0	2	0.830172	0.830172	0	0.253363	0.253363	0	0.888889	0.888889	0	
2	0	2	0	10	0.355556	0.159109	0.355556	0	0.355556	2	2	2	0	2	0.0188908	0.0188908	0	1.52347	1.52347	0	0.711111	0.711111	0	
3	0	3	0	10	0.644444	0.101237	0.644444	0	0.422222	3	3	3	0	3	0.699617	0.699617	0	0.948883	0.948883	0	1.26667	1.26667	0	
1	0	1	0	10	0	0	0	0	0	0	0	0	0	0	0	0	0	0	0	0	0	0	0	
2	0	2	0	10	0.355556	0.159109	0.355556	0	0.355556	2	2	2	0	2	0.0188908	0.0188908	0	1.52347	1.52347	0	0.711111	0.711111	0	
2	0	2	0	10	0.533333	0.0946573	0.533333	0	0.533333	1	1	1	0	1	1.30268	1.30268	0	1.02917	1.02917	0	0.533333	0.533333	0	
3	0	3	0	10	0.644444	0.101237	0.644444	0	0.263492	7	7	7	0	7	-1.07834	-1.07834	0	1.78446	1.78446	0	1.84444	1.84444	0	
4	0	4	0	10	0.733333	0.100532	0.733333	0	0.328889	5	5	5	0	5	-0.279019	-0.279019	0	0.16615	0.16615	0	1.64444	1.64444	0	
1	0	1	0	10	0	0	0	0	0	0	0	0	0	0	0	0	0	0	0	0	0	0	0	
4	0	4	0	10	0.777778	0.0906765	0.777778	0	0.349206	7	7	7	0	7	-0.0512776	-0.0512776	0	1.05024	1.05024	0	2.44444	2.44444	0	
3	0	3	0	10	0.377778	0.181279	0.377778	0	0.333333	7	7	7	0	7	-0.241474	-0.241474	0	2.38099	2.38099	0	2.33333	2.33333	0	
2	0	2	0	10	0.355556	0.159109	0.355556	0	0.355556	1	1	1	0	1	0.014992	0.014992	0	0.4167	0.4167	0	0.355556	0.355556	0	
2	0	2	0	10	0.355556	0.159109	0.355556	0	0.355556	9	9	9	0	9	0.0256393	0.0256393	0	5.64007	5.64007	0	3.2	3.2	0	
3	0	3	0	10	0.511111	0.164303	0.511111	0	0.251852	3	3	3	0	3	-1.03446	-1.03446	0	-0.0464656	-0.0464656	0	0.755556	0.755556	0	
3	0	3	0	10	0.377778	0.181279	0.377778	0	0.277778	2	2	2	0	2	-0.69098	-0.69098	0	-0.593814	-0.593814	0	0.555556	0.555556	0	
2	0	2	0	10	0.355556	0.159109	0.355556	0	0.355556	1	1	1	0	1	0.014992	0.014992	0	0.4167	0.4167	0	0.355556	0.355556	0	
2	0	2	0	10	0.533333	0.0946573	0.533333	0	0.533333	1	1	1	0	1	1.30268	1.30268	0	1.02917	1.02917	0	0.533333	0.533333	0	
2	0	2	0	10	0.355556	0.159109	0.355556	0	0.355556	3	3	3	0	3	0.0210669	0.0210669	0	2.33782	2.33782	0	1.06667	1.06667	0	
3	0	3	0	10	0.622222	0.138307	0.622222	0	0.385185	6	6	6	0	6	0.370992	0.370992	0	2.35538	2.35538	0	2.31111	2.31111	0	
3	0	3	0	10	0.711111	0.0859974	0.711111	0	0.488889	4	4	4	0	4	1.47066	1.47066	0	1.92679	1.92679	0	1.95556	1.95556	0	
3	0	3	0	10	0.6	0.130537	0.6	0	0.377778	3	3	3	0	3	0.24725	0.24725	0	0.722822	0.722822	0	1.13333	1.13333	0	
4	0	4	0	10	0.533333	0.180074	0.533333	0	0.288889	3	3	3	0	3	-0.657484	-0.657484	0	-1.1758	-1.1758	0	0.866667	0.866667	0	
