K_1	Ksd_1	mean_K	sd_K	tot_K	H_1	Hsd_1	mean_H	sd_H	tot_H	S_1	prS_1	mean_S	sd_S	tot_S	D_1	mean_D	sd_D	FS_1	mean_FS	sd_FS	Pi_1	mean_Pi	sd_Pi	
2	0	2	0	10	0.2	0.154143	0.2	0	0.2	1	1	1	0	1	-1.11173	-1.11173	0	-0.339314	-0.339314	0	0.2	0.2	0	
2	0	2	0	10	0.2	0.154143	0.2	0	0.2	1	1	1	0	1	-1.11173	-1.11173	0	-0.339314	-0.339314	0	0.2	0.2	0	
3	0	3	0	10	0.511111	0.164303	0.511111	0	0.277778	2	2	2	0	2	-0.69098	-0.69098	0	-0.593814	-0.593814	0	0.555556	0.555556	0	
2	0	2	0	10	0.466667	0.131757	0.466667	0	0.466667	1	1	1	0	1	0.819796	0.819796	0	0.818008	0.818008	0	0.466667	0.466667	0	
2	0	2	0	10	0.2	0.154143	0.2	0	0.2	1	1	1	0	1	-1.11173	-1.11173	0	-0.339314	-0.339314	0	0.2	0.2	0	
2	0	2	0	10	0.355556	0.159109	0.355556	0	0.355556	1	1	1	0	1	0.014992	0.014992	0	0.4167	0.4167	0	0.355556	0.355556	0	
1	0	1	0	10	0	0	0	0	0	0	0	0	0	0	0	0	0	0	0	0	0	0	0	
1	0	1	0	10	0	0	0	0	0	0	0	0	0	0	0	0	0	0	0	0	0	0	0	
2	0	2	0	10	0.2	0.154143	0.2	0	0.2	1	1	1	0	1	-1.11173	-1.11173	0	-0.339314	-0.339314	0	0.2	0.2	0	
1	0	1	0	10	0	0	0	0	0	0	0	0	0	0	0	0	0	0	0	0	0	0	0	
1	0	1	0	10	0	0	0	0	0	0	0	0	0	0	0	0	0	0	0	0	0	0	0	
2	0	2	0	10	0.2	0.154143	0.2	0	0.2	1	1	1	0	1	-1.11173	-1.11173	0	-0.339314	-0.339314	0	0.2	0.2	0	
1	0	1	0	10	0	0	0	0	0	0	0	0	0	0	0	0	0	0	0	0	0	0	0	
1	0	1	0	10	0	0	0	0	0	0	0	0	0	0	0	0	0	0	0	0	0	0	0	
3	0	3	0	10	0.511111	0.164303	0.511111	0	0.277778	2	2	2	0	2	-0.69098	-0.69098	0	-0.593814	-0.593814	0	0.555556	0.555556	0	
3	0	3	0	10	0.377778	0.181279	0.377778	0	0.2	2	2	2	0	2	-1.40085	-1.40085	0	-1.16394	-1.16394	0	0.4	0.4	0	
5	0	5	0	10	0.666667	0.163299	0.666667	0	0.322222	4	4	4	0	4	-0.339564	-0.339564	0	-1.62852	-1.62852	0	1.28889	1.28889	0	
1	0	1	0	10	0	0	0	0	0	0	0	0	0	0	0	0	0	0	0	0	0	0	0	
3	0	3	0	10	0.377778	0.181279	0.377778	0	0.2	2	2	2	0	2	-1.40085	-1.40085	0	-1.16394	-1.16394	0	0.4	0.4	0	
1	0	1	0	10	0	0	0	0	0	0	0	0	0	0	0	0	0	0	0	0	0	0	0	
2	0	2	0	10	0.2	0.154143	0.2	0	0.2	1	1	1	0	1	-1.11173	-1.11173	0	-0.339314	-0.339314	0	0.2	0.2	0	
2	0	2	0	10	0.2	0.154143	0.2	0	0.2	1	1	1	0	1	-1.11173	-1.11173	0	-0.339314	-0.339314	0	0.2	0.2	0	
1	0	1	0	10	0	0	0	0	0	0	0	0	0	0	0	0	0	0	0	0	0	0	0	
1	0	1	0	10	0	0	0	0	0	0	0	0	0	0	0	0	0	0	0	0	0	0	0	
3	0	3	0	10	0.6	0.130537	0.6	0	0.333333	2	2	2	0	2	-0.183929	-0.183929	0	-0.27178	-0.27178	0	0.666667	0.666667	0	
1	0	1	0	10	0	0	0	0	0	0	0	0	0	0	0	0	0	0	0	0	0	0	0	
1	0	1	0	10	0	0	0	0	0	0	0	0	0	0	0	0	0	0	0	0	0	0	0	
2	0	2	0	10	0.355556	0.159109	0.355556	0	0.355556	1	1	1	0	1	0.014992	0.014992	0	0.4167	0.4167	0	0.355556	0.355556	0	
1	0	1	0	10	0	0	0	0	0	0	0	0	0	0	0	0	0	0	0	0	0	0	0	
3	0	3	0	10	0.377778	0.181279	0.377778	0	0.2	2	2	2	0	2	-1.40085	-1.40085	0	-1.16394	-1.16394	0	0.4	0.4	0	
1	0	1	0	10	0	0	0	0	0	0	0	0	0	0	0	0	0	0	0	0	0	0	0	
2	0	2	0	10	0.2	0.154143	0.2	0	0.2	1	1	1	0	1	-1.11173	-1.11173	0	-0.339314	-0.339314	0	0.2	0.2	0	
3	0	3	0	10	0.688889	0.103837	0.688889	0	0.511111	2	2	2	0	2	1.43863	1.43863	0	0.519781	0.519781	0	1.02222	1.02222	0	
1	0	1	0	10	0	0	0	0	0	0	0	0	0	0	0	0	0	0	0	0	0	0	0	
1	0	1	0	10	0	0	0	0	0	0	0	0	0	0	0	0	0	0	0	0	0	0	0	
1	0	1	0	10	0	0	0	0	0	0	0	0	0	0	0	0	0	0	0	0	0	0	0	
2	0	2	0	10	0.2	0.154143	0.2	0	0.2	1	1	1	0	1	-1.11173	-1.11173	0	-0.339314	-0.339314	0	0.2	0.2	0	
3	0	3	0	10	0.511111	0.164303	0.511111	0	0.333333	2	2	2	0	2	-0.183929	-0.183929	0	-0.27178	-0.27178	0	0.666667	0.666667	0	
1	0	1	0	10	0	0	0	0	0	0	0	0	0	0	0	0	0	0	0	0	0	0	0	
1	0	1	0	10	0	0	0	0	0	0	0	0	0	0	0	0	0	0	0	0	0	0	0	
2	0	2	0	10	0.2	0.154143	0.2	0	0.2	1	1	1	0	1	-1.11173	-1.11173	0	-0.339314	-0.339314	0	0.2	0.2	0	
3	0	3	0	10	0.6	0.130537	0.6	0	0.333333	2	2	2	0	2	-0.183929	-0.183929	0	-0.27178	-0.27178	0	0.666667	0.666667	0	
2	0	2	0	10	0.2	0.154143	0.2	0	0.2	1	1	1	0	1	-1.11173	-1.11173	0	-0.339314	-0.339314	0	0.2	0.2	0	
1	0	1	0	10	0	0	0	0	0	0	0	0	0	0	0	0	0	0	0	0	0	0	0	
1	0	1	0	10	0	0	0	0	0	0	0	0	0	0	0	0	0	0	0	0	0	0	0	
3	0	3	0	10	0.6	0.130537	0.6	0	0.333333	2	2	2	0	2	-0.183929	-0.183929	0	-0.27178	-0.27178	0	0.666667	0.666667	0	
1	0	1	0	10	0	0	0	0	0	0	0	0	0	0	0	0	0	0	0	0	0	0	0	
1	0	1	0	10	0	0	0	0	0	0	0	0	0	0	0	0	0	0	0	0	0	0	0	
1	0	1	0	10	0	0	0	0	0	0	0	0	0	0	0	0	0	0	0	0	0	0	0	
2	0	2	0	10	0.2	0.154143	0.2	0	0.2	1	1	1	0	1	-1.11173	-1.11173	0	-0.339314	-0.339314	0	0.2	0.2	0	
3	0	3	0	10	0.377778	0.181279	0.377778	0	0.2	3	3	3	0	3	-1.56222	-1.56222	0	-0.458608	-0.458608	0	0.6	0.6	0	
3	0	3	0	10	0.511111	0.164303	0.511111	0	0.277778	2	2	2	0	2	-0.69098	-0.69098	0	-0.593814	-0.593814	0	0.555556	0.555556	0	
1	0	1	0	10	0	0	0	0	0	0	0	0	0	0	0	0	0	0	0	0	0	0	0	
2	0	2	0	10	0.2	0.154143	0.2	0	0.2	1	1	1	0	1	-1.11173	-1.11173	0	-0.339314	-0.339314	0	0.2	0.2	0	
2	0	2	0	10	0.2	0.154143	0.2	0	0.2	1	1	1	0	1	-1.11173	-1.11173	0	-0.339314	-0.339314	0	0.2	0.2	0	
2	0	2	0	10	0.533333	0.0946573	0.533333	0	0.533333	1	1	1	0	1	1.30268	1.30268	0	1.02917	1.02917	0	0.533333	0.533333	0	
1	0	1	0	10	0	0	0	0	0	0	0	0	0	0	0	0	0	0	0	0	0	0	0	
4	0	4	0	10	0.733333	0.100532	0.733333	0	0.311111	3	3	3	0	3	-0.4313	-0.4313	0	-1.02041	-1.02041	0	0.933333	0.933333	0	
1	0	1	0	10	0	0	0	0	0	0	0	0	0	0	0	0	0	0	0	0	0	0	0	
2	0	2	0	10	0.2	0.154143	0.2	0	0.2	1	1	1	0	1	-1.11173	-1.11173	0	-0.339314	-0.339314	0	0.2	0.2	0	
2	0	2	0	10	0.2	0.154143	0.2	0	0.2	1	1	1	0	1	-1.11173	-1.11173	0	-0.339314	-0.339314	0	0.2	0.2	0	
1	0	1	0	10	0	0	0	0	0	0	0	0	0	0	0	0	0	0	0	0	0	0	0	
1	0	1	0	10	0	0	0	0	0	0	0	0	0	0	0	0	0	0	0	0	0	0	0	
1	0	1	0	10	0	0	0	0	0	0	0	0	0	0	0	0	0	0	0	0	0	0	0	
1	0	1	0	10	0	0	0	0	0	0	0	0	0	0	0	0	0	0	0	0	0	0	0	
2	0	2	0	10	0.355556	0.159109	0.355556	0	0.355556	1	1	1	0	1	0.014992	0.014992	0	0.4167	0.4167	0	0.355556	0.355556	0	
2	0	2	0	10	0.2	0.154143	0.2	0	0.2	1	1	1	0	1	-1.11173	-1.11173	0	-0.339314	-0.339314	0	0.2	0.2	0	
1	0	1	0	10	0	0	0	0	0	0	0	0	0	0	0	0	0	0	0	0	0	0	0	
3	0	3	0	10	0.377778	0.181279	0.377778	0	0.2	2	2	2	0	2	-1.40085	-1.40085	0	-1.16394	-1.16394	0	0.4	0.4	0	
1	0	1	0	10	0	0	0	0	0	0	0	0	0	0	0	0	0	0	0	0	0	0	0	
2	0	2	0	10	0.533333	0.0946573	0.533333	0	0.533333	1	1	1	0	1	1.30268	1.30268	0	1.02917	1.02917	0	0.533333	0.533333	0	
4	0	4	0	10	0.533333	0.180074	0.533333	0	0.2	3	3	3	0	3	-1.56222	-1.56222	0	-1.96374	-1.96374	0	0.6	0.6	0	
1	0	1	0	10	0	0	0	0	0	0	0	0	0	0	0	0	0	0	0	0	0	0	0	
1	0	1	0	10	0	0	0	0	0	0	0	0	0	0	0	0	0	0	0	0	0	0	0	
2	0	2	0	10	0.466667	0.131757	0.466667	0	0.466667	1	1	1	0	1	0.819796	0.819796	0	0.818008	0.818008	0	0.466667	0.466667	0	
3	0	3	0	10	0.711111	0.0859974	0.711111	0	0.533333	2	2	2	0	2	1.64145	1.64145	0	0.602811	0.602811	0	1.06667	1.06667	0	
1	0	1	0	10	0	0	0	0	0	0	0	0	0	0	0	0	0	0	0	0	0	0	0	
2	0	2	0	10	0.2	0.154143	0.2	0	0.2	1	1	1	0	1	-1.11173	-1.11173	0	-0.339314	-0.339314	0	0.2	0.2	0	
1	0	1	0	10	0	0	0	0	0	0	0	0	0	0	0	0	0	0	0	0	0	0	0	
3	0	3	0	10	0.377778	0.181279	0.377778	0	0.2	2	2	2	0	2	-1.40085	-1.40085	0	-1.16394	-1.16394	0	0.4	0.4	0	
4	0	4	0	10	0.533333	0.180074	0.533333	0	0.251852	3	3	3	0	3	-1.03446	-1.03446	0	-1.46598	-1.46598	0	0.755556	0.755556	0	
1	0	1	0	10	0	0	0	0	0	0	0	0	0	0	0	0	0	0	0	0	0	0	0	
1	0	1	0	10	0	0	0	0	0	0	0	0	0	0	0	0	0	0	0	0	0	0	0	
1	0	1	0	10	0	0	0	0	0	0	0	0	0	0	0	0	0	0	0	0	0	0	0	
1	0	1	0	10	0	0	0	0	0	0	0	0	0	0	0	0	0	0	0	0	0	0	0	
1	0	1	0	10	0	0	0	0	0	0	0	0	0	0	0	0	0	0	0	0	0	0	0	
2	0	2	0	10	0.355556	0.159109	0.355556	0	0.355556	1	1	1	0	1	0.014992	0.014992	0	0.4167	0.4167	0	0.355556	0.355556	0	
1	0	1	0	10	0	0	0	0	0	0	0	0	0	0	0	0	0	0	0	0	0	0	0	
1	0	1	0	10	0	0	0	0	0	0	0	0	0	0	0	0	0	0	0	0	0	0	0	
5	0	5	0	10	0.844444	0.0795543	0.844444	0	0.305556	4	4	4	0	4	-0.520586	-0.520586	0	-1.75772	-1.75772	0	1.22222	1.22222	0	
2	0	2	0	10	0.2	0.154143	0.2	0	0.2	1	1	1	0	1	-1.11173	-1.11173	0	-0.339314	-0.339314	0	0.2	0.2	0	
1	0	1	0	10	0	0	0	0	0	0	0	0	0	0	0	0	0	0	0	0	0	0	0	
3	0	3	0	10	0.511111	0.164303	0.511111	0	0.277778	2	2	2	0	2	-0.69098	-0.69098	0	-0.593814	-0.593814	0	0.555556	0.555556	0	
1	0	1	0	10	0	0	0	0	0	0	0	0	0	0	0	0	0	0	0	0	0	0	0	
2	0	2	0	10	0.2	0.154143	0.2	0	0.2	1	1	1	0	1	-1.11173	-1.11173	0	-0.339314	-0.339314	0	0.2	0.2	0	
1	0	1	0	10	0	0	0	0	0	0	0	0	0	0	0	0	0	0	0	0	0	0	0	
1	0	1	0	10	0	0	0	0	0	0	0	0	0	0	0	0	0	0	0	0	0	0	0	
3	0	3	0	10	0.377778	0.181279	0.377778	0	0.2	2	2	2	0	2	-1.40085	-1.40085	0	-1.16394	-1.16394	0	0.4	0.4	0	
1	0	1	0	10	0	0	0	0	0	0	0	0	0	0	0	0	0	0	0	0	0	0	0	
2	0	2	0	10	0.2	0.154143	0.2	0	0.2	1	1	1	0	1	-1.11173	-1.11173	0	-0.339314	-0.339314	0	0.2	0.2	0	
1	0	1	0	10	0	0	0	0	0	0	0	0	0	0	0	0	0	0	0	0	0	0	0	
2	0	2	0	10	0.466667	0.131757	0.466667	0	0.466667	1	1	1	0	1	0.819796	0.819796	0	0.818008	0.818008	0	0.466667	0.466667	0	
1	0	1	0	10	0	0	0	0	0	0	0	0	0	0	0	0	0	0	0	0	0	0	0	
3	0	3	0	10	0.511111	0.164303	0.511111	0	0.277778	2	2	2	0	2	-0.69098	-0.69098	0	-0.593814	-0.593814	0	0.555556	0.555556	0	
1	0	1	0	10	0	0	0	0	0	0	0	0	0	0	0	0	0	0	0	0	0	0	0	
4	0	4	0	10	0.733333	0.100532	0.733333	0	0.311111	3	3	3	0	3	-0.4313	-0.4313	0	-1.02041	-1.02041	0	0.933333	0.933333	0	
2	0	2	0	10	0.2	0.154143	0.2	0	0.2	1	1	1	0	1	-1.11173	-1.11173	0	-0.339314	-0.339314	0	0.2	0.2	0	
3	0	3	0	10	0.644444	0.101237	0.644444	0	0.366667	2	2	2	0	2	0.120301	0.120301	0	-0.100592	-0.100592	0	0.733333	0.733333	0	
1	0	1	0	10	0	0	0	0	0	0	0	0	0	0	0	0	0	0	0	0	0	0	0	
1	0	1	0	10	0	0	0	0	0	0	0	0	0	0	0	0	0	0	0	0	0	0	0	
1	0	1	0	10	0	0	0	0	0	0	0	0	0	0	0	0	0	0	0	0	0	0	0	
2	0	2	0	10	0.2	0.154143	0.2	0	0.2	1	1	1	0	1	-1.11173	-1.11173	0	-0.339314	-0.339314	0	0.2	0.2	0	
4	0	4	0	10	0.644444	0.151819	0.644444	0	0.251852	3	3	3	0	3	-1.03446	-1.03446	0	-1.46598	-1.46598	0	0.755556	0.755556	0	
2	0	2	0	10	0.2	0.154143	0.2	0	0.2	1	1	1	0	1	-1.11173	-1.11173	0	-0.339314	-0.339314	0	0.2	0.2	0	
1	0	1	0	10	0	0	0	0	0	0	0	0	0	0	0	0	0	0	0	0	0	0	0	
1	0	1	0	10	0	0	0	0	0	0	0	0	0	0	0	0	0	0	0	0	0	0	0	
1	0	1	0	10	0	0	0	0	0	0	0	0	0	0	0	0	0	0	0	0	0	0	0	
1	0	1	0	10	0	0	0	0	0	0	0	0	0	0	0	0	0	0	0	0	0	0	0	
3	0	3	0	10	0.377778	0.181279	0.377778	0	0.277778	2	2	2	0	2	-0.69098	-0.69098	0	-0.593814	-0.593814	0	0.555556	0.555556	0	
3	0	3	0	10	0.377778	0.181279	0.377778	0	0.2	2	2	2	0	2	-1.40085	-1.40085	0	-1.16394	-1.16394	0	0.4	0.4	0	
1	0	1	0	10	0	0	0	0	0	0	0	0	0	0	0	0	0	0	0	0	0	0	0	
2	0	2	0	10	0.2	0.154143	0.2	0	0.2	1	1	1	0	1	-1.11173	-1.11173	0	-0.339314	-0.339314	0	0.2	0.2	0	
2	0	2	0	10	0.2	0.154143	0.2	0	0.2	1	1	1	0	1	-1.11173	-1.11173	0	-0.339314	-0.339314	0	0.2	0.2	0	
2	0	2	0	10	0.2	0.154143	0.2	0	0.2	1	1	1	0	1	-1.11173	-1.11173	0	-0.339314	-0.339314	0	0.2	0.2	0	
2	0	2	0	10	0.466667	0.131757	0.466667	0	0.466667	1	1	1	0	1	0.819796	0.819796	0	0.818008	0.818008	0	0.466667	0.466667	0	
5	0	5	0	10	0.666667	0.163299	0.666667	0	0.2	5	5	5	0	5	-1.7411	-1.7411	0	-2.25975	-2.25975	0	1	1	0	
3	0	3	0	10	0.377778	0.181279	0.377778	0	0.2	3	3	3	0	3	-1.56222	-1.56222	0	-0.458608	-0.458608	0	0.6	0.6	0	
5	0	5	0	10	0.8	0.100133	0.8	0	0.288889	4	4	4	0	4	-0.701608	-0.701608	0	-1.89575	-1.89575	0	1.15556	1.15556	0	
3	0	3	0	10	0.377778	0.181279	0.377778	0	0.2	2	2	2	0	2	-1.40085	-1.40085	0	-1.16394	-1.16394	0	0.4	0.4	0	
1	0	1	0	10	0	0	0	0	0	0	0	0	0	0	0	0	0	0	0	0	0	0	0	
1	0	1	0	10	0	0	0	0	0	0	0	0	0	0	0	0	0	0	0	0	0	0	0	
1	0	1	0	10	0	0	0	0	0	0	0	0	0	0	0	0	0	0	0	0	0	0	0	
1	0	1	0	10	0	0	0	0	0	0	0	0	0	0	0	0	0	0	0	0	0	0	0	
4	0	4	0	10	0.644444	0.151819	0.644444	0	0.333333	5	5	5	0	5	-0.228603	-0.228603	0	0.194901	0.194901	0	1.66667	1.66667	0	
1	0	1	0	10	0	0	0	0	0	0	0	0	0	0	0	0	0	0	0	0	0	0	0	
1	0	1	0	10	0	0	0	0	0	0	0	0	0	0	0	0	0	0	0	0	0	0	0	
4	0	4	0	10	0.644444	0.151819	0.644444	0	0.251852	3	3	3	0	3	-1.03446	-1.03446	0	-1.46598	-1.46598	0	0.755556	0.755556	0	
1	0	1	0	10	0	0	0	0	0	0	0	0	0	0	0	0	0	0	0	0	0	0	0	
1	0	1	0	10	0	0	0	0	0	0	0	0	0	0	0	0	0	0	0	0	0	0	0	
4	0	4	0	10	0.644444	0.151819	0.644444	0	0.251852	3	3	3	0	3	-1.03446	-1.03446	0	-1.46598	-1.46598	0	0.755556	0.755556	0	
3	0	3	0	10	0.644444	0.101237	0.644444	0	0.366667	2	2	2	0	2	0.120301	0.120301	0	-0.100592	-0.100592	0	0.733333	0.733333	0	
3	0	3	0	10	0.511111	0.164303	0.511111	0	0.277778	2	2	2	0	2	-0.69098	-0.69098	0	-0.593814	-0.593814	0	0.555556	0.555556	0	
1	0	1	0	10	0	0	0	0	0	0	0	0	0	0	0	0	0	0	0	0	0	0	0	
1	0	1	0	10	0	0	0	0	0	0	0	0	0	0	0	0	0	0	0	0	0	0	0	
1	0	1	0	10	0	0	0	0	0	0	0	0	0	0	0	0	0	0	0	0	0	0	0	
1	0	1	0	10	0	0	0	0	0	0	0	0	0	0	0	0	0	0	0	0	0	0	0	
1	0	1	0	10	0	0	0	0	0	0	0	0	0	0	0	0	0	0	0	0	0	0	0	
2	0	2	0	10	0.2	0.154143	0.2	0	0.2	1	1	1	0	1	-1.11173	-1.11173	0	-0.339314	-0.339314	0	0.2	0.2	0	
1	0	1	0	10	0	0	0	0	0	0	0	0	0	0	0	0	0	0	0	0	0	0	0	
3	0	3	0	10	0.6	0.130537	0.6	0	0.333333	2	2	2	0	2	-0.183929	-0.183929	0	-0.27178	-0.27178	0	0.666667	0.666667	0	
1	0	1	0	10	0	0	0	0	0	0	0	0	0	0	0	0	0	0	0	0	0	0	0	
1	0	1	0	10	0	0	0	0	0	0	0	0	0	0	0	0	0	0	0	0	0	0	0	
3	0	3	0	10	0.377778	0.181279	0.377778	0	0.2	2	2	2	0	2	-1.40085	-1.40085	0	-1.16394	-1.16394	0	0.4	0.4	0	
3	0	3	0	10	0.688889	0.103837	0.688889	0	0.411111	2	2	2	0	2	0.525941	0.525941	0	0.108362	0.108362	0	0.822222	0.822222	0	
2	0	2	0	10	0.355556	0.159109	0.355556	0	0.355556	1	1	1	0	1	0.014992	0.014992	0	0.4167	0.4167	0	0.355556	0.355556	0	
2	0	2	0	10	0.355556	0.159109	0.355556	0	0.355556	1	1	1	0	1	0.014992	0.014992	0	0.4167	0.4167	0	0.355556	0.355556	0	
2	0	2	0	10	0.2	0.154143	0.2	0	0.2	1	1	1	0	1	-1.11173	-1.11173	0	-0.339314	-0.339314	0	0.2	0.2	0	
1	0	1	0	10	0	0	0	0	0	0	0	0	0	0	0	0	0	0	0	0	0	0	0	
2	0	2	0	10	0.2	0.154143	0.2	0	0.2	1	1	1	0	1	-1.11173	-1.11173	0	-0.339314	-0.339314	0	0.2	0.2	0	
1	0	1	0	10	0	0	0	0	0	0	0	0	0	0	0	0	0	0	0	0	0	0	0	
2	0	2	0	10	0.2	0.154143	0.2	0	0.2	1	1	1	0	1	-1.11173	-1.11173	0	-0.339314	-0.339314	0	0.2	0.2	0	
1	0	1	0	10	0	0	0	0	0	0	0	0	0	0	0	0	0	0	0	0	0	0	0	
2	0	2	0	10	0.355556	0.159109	0.355556	0	0.355556	1	1	1	0	1	0.014992	0.014992	0	0.4167	0.4167	0	0.355556	0.355556	0	
1	0	1	0	10	0	0	0	0	0	0	0	0	0	0	0	0	0	0	0	0	0	0	0	
2	0	2	0	10	0.355556	0.159109	0.355556	0	0.355556	1	1	1	0	1	0.014992	0.014992	0	0.4167	0.4167	0	0.355556	0.355556	0	
1	0	1	0	10	0	0	0	0	0	0	0	0	0	0	0	0	0	0	0	0	0	0	0	
1	0	1	0	10	0	0	0	0	0	0	0	0	0	0	0	0	0	0	0	0	0	0	0	
1	0	1	0	10	0	0	0	0	0	0	0	0	0	0	0	0	0	0	0	0	0	0	0	
2	0	2	0	10	0.2	0.154143	0.2	0	0.2	1	1	1	0	1	-1.11173	-1.11173	0	-0.339314	-0.339314	0	0.2	0.2	0	
2	0	2	0	10	0.2	0.154143	0.2	0	0.2	1	1	1	0	1	-1.11173	-1.11173	0	-0.339314	-0.339314	0	0.2	0.2	0	
2	0	2	0	10	0.2	0.154143	0.2	0	0.2	1	1	1	0	1	-1.11173	-1.11173	0	-0.339314	-0.339314	0	0.2	0.2	0	
1	0	1	0	10	0	0	0	0	0	0	0	0	0	0	0	0	0	0	0	0	0	0	0	
2	0	2	0	10	0.355556	0.159109	0.355556	0	0.355556	1	1	1	0	1	0.014992	0.014992	0	0.4167	0.4167	0	0.355556	0.355556	0	
1	0	1	0	10	0	0	0	0	0	0	0	0	0	0	0	0	0	0	0	0	0	0	0	
1	0	1	0	10	0	0	0	0	0	0	0	0	0	0	0	0	0	0	0	0	0	0	0	
3	0	3	0	10	0.377778	0.181279	0.377778	0	0.2	2	2	2	0	2	-1.40085	-1.40085	0	-1.16394	-1.16394	0	0.4	0.4	0	
2	0	2	0	10	0.2	0.154143	0.2	0	0.2	1	1	1	0	1	-1.11173	-1.11173	0	-0.339314	-0.339314	0	0.2	0.2	0	
2	0	2	0	10	0.355556	0.159109	0.355556	0	0.355556	1	1	1	0	1	0.014992	0.014992	0	0.4167	0.4167	0	0.355556	0.355556	0	
1	0	1	0	10	0	0	0	0	0	0	0	0	0	0	0	0	0	0	0	0	0	0	0	
2	0	2	0	10	0.2	0.154143	0.2	0	0.2	1	1	1	0	1	-1.11173	-1.11173	0	-0.339314	-0.339314	0	0.2	0.2	0	
3	0	3	0	10	0.644444	0.101237	0.644444	0	0.377778	2	2	2	0	2	0.221711	0.221711	0	-0.0464656	-0.0464656	0	0.755556	0.755556	0	
2	0	2	0	10	0.2	0.154143	0.2	0	0.2	1	1	1	0	1	-1.11173	-1.11173	0	-0.339314	-0.339314	0	0.2	0.2	0	
1	0	1	0	10	0	0	0	0	0	0	0	0	0	0	0	0	0	0	0	0	0	0	0	
2	0	2	0	10	0.355556	0.159109	0.355556	0	0.355556	1	1	1	0	1	0.014992	0.014992	0	0.4167	0.4167	0	0.355556	0.355556	0	
2	0	2	0	10	0.2	0.154143	0.2	0	0.2	1	1	1	0	1	-1.11173	-1.11173	0	-0.339314	-0.339314	0	0.2	0.2	0	
2	0	2	0	10	0.533333	0.0946573	0.533333	0	0.533333	1	1	1	0	1	1.30268	1.30268	0	1.02917	1.02917	0	0.533333	0.533333	0	
2	0	2	0	10	0.355556	0.159109	0.355556	0	0.355556	1	1	1	0	1	0.014992	0.014992	0	0.4167	0.4167	0	0.355556	0.355556	0	
1	0	1	0	10	0	0	0	0	0	0	0	0	0	0	0	0	0	0	0	0	0	0	0	
3	0	3	0	10	0.511111	0.164303	0.511111	0	0.277778	2	2	2	0	2	-0.69098	-0.69098	0	-0.593814	-0.593814	0	0.555556	0.555556	0	
1	0	1	0	10	0	0	0	0	0	0	0	0	0	0	0	0	0	0	0	0	0	0	0	
4	0	4	0	10	0.733333	0.119889	0.733333	0	0.303704	3	3	3	0	3	-0.506695	-0.506695	0	-1.07085	-1.07085	0	0.911111	0.911111	0	
1	0	1	0	10	0	0	0	0	0	0	0	0	0	0	0	0	0	0	0	0	0	0	0	
1	0	1	0	10	0	0	0	0	0	0	0	0	0	0	0	0	0	0	0	0	0	0	0	
2	0	2	0	10	0.2	0.154143	0.2	0	0.2	1	1	1	0	1	-1.11173	-1.11173	0	-0.339314	-0.339314	0	0.2	0.2	0	
2	0	2	0	10	0.2	0.154143	0.2	0	0.2	1	1	1	0	1	-1.11173	-1.11173	0	-0.339314	-0.339314	0	0.2	0.2	0	
2	0	2	0	10	0.2	0.154143	0.2	0	0.2	1	1	1	0	1	-1.11173	-1.11173	0	-0.339314	-0.339314	0	0.2	0.2	0	
1	0	1	0	10	0	0	0	0	0	0	0	0	0	0	0	0	0	0	0	0	0	0	0	
2	0	2	0	10	0.2	0.154143	0.2	0	0.2	1	1	1	0	1	-1.11173	-1.11173	0	-0.339314	-0.339314	0	0.2	0.2	0	
3	0	3	0	10	0.377778	0.181279	0.377778	0	0.2	2	2	2	0	2	-1.40085	-1.40085	0	-1.16394	-1.16394	0	0.4	0.4	0	
1	0	1	0	10	0	0	0	0	0	0	0	0	0	0	0	0	0	0	0	0	0	0	0	
1	0	1	0	10	0	0	0	0	0	0	0	0	0	0	0	0	0	0	0	0	0	0	0	
2	0	2	0	10	0.466667	0.131757	0.466667	0	0.466667	1	1	1	0	1	0.819796	0.819796	0	0.818008	0.818008	0	0.466667	0.466667	0	
3	0	3	0	10	0.377778	0.181279	0.377778	0	0.2	2	2	2	0	2	-1.40085	-1.40085	0	-1.16394	-1.16394	0	0.4	0.4	0	
2	0	2	0	10	0.2	0.154143	0.2	0	0.2	1	1	1	0	1	-1.11173	-1.11173	0	-0.339314	-0.339314	0	0.2	0.2	0	
1	0	1	0	10	0	0	0	0	0	0	0	0	0	0	0	0	0	0	0	0	0	0	0	
3	0	3	0	10	0.644444	0.101237	0.644444	0	0.377778	2	2	2	0	2	0.221711	0.221711	0	-0.0464656	-0.0464656	0	0.755556	0.755556	0	
1	0	1	0	10	0	0	0	0	0	0	0	0	0	0	0	0	0	0	0	0	0	0	0	
2	0	2	0	10	0.2	0.154143	0.2	0	0.2	1	1	1	0	1	-1.11173	-1.11173	0	-0.339314	-0.339314	0	0.2	0.2	0	
1	0	1	0	10	0	0	0	0	0	0	0	0	0	0	0	0	0	0	0	0	0	0	0	
1	0	1	0	10	0	0	0	0	0	0	0	0	0	0	0	0	0	0	0	0	0	0	0	
2	0	2	0	10	0.355556	0.159109	0.355556	0	0.355556	1	1	1	0	1	0.014992	0.014992	0	0.4167	0.4167	0	0.355556	0.355556	0	
2	0	2	0	10	0.466667	0.131757	0.466667	0	0.466667	1	1	1	0	1	0.819796	0.819796	0	0.818008	0.818008	0	0.466667	0.466667	0	
1	0	1	0	10	0	0	0	0	0	0	0	0	0	0	0	0	0	0	0	0	0	0	0	
3	0	3	0	10	0.377778	0.181279	0.377778	0	0.2	2	2	2	0	2	-1.40085	-1.40085	0	-1.16394	-1.16394	0	0.4	0.4	0	
2	0	2	0	10	0.2	0.154143	0.2	0	0.2	1	1	1	0	1	-1.11173	-1.11173	0	-0.339314	-0.339314	0	0.2	0.2	0	
1	0	1	0	10	0	0	0	0	0	0	0	0	0	0	0	0	0	0	0	0	0	0	0	
1	0	1	0	10	0	0	0	0	0	0	0	0	0	0	0	0	0	0	0	0	0	0	0	
2	0	2	0	10	0.2	0.154143	0.2	0	0.2	1	1	1	0	1	-1.11173	-1.11173	0	-0.339314	-0.339314	0	0.2	0.2	0	
3	0	3	0	10	0.377778	0.181279	0.377778	0	0.277778	2	2	2	0	2	-0.69098	-0.69098	0	-0.593814	-0.593814	0	0.555556	0.555556	0	
1	0	1	0	10	0	0	0	0	0	0	0	0	0	0	0	0	0	0	0	0	0	0	0	
2	0	2	0	10	0.2	0.154143	0.2	0	0.2	1	1	1	0	1	-1.11173	-1.11173	0	-0.339314	-0.339314	0	0.2	0.2	0	
1	0	1	0	10	0	0	0	0	0	0	0	0	0	0	0	0	0	0	0	0	0	0	0	
1	0	1	0	10	0	0	0	0	0	0	0	0	0	0	0	0	0	0	0	0	0	0	0	
2	0	2	0	10	0.355556	0.159109	0.355556	0	0.355556	1	1	1	0	1	0.014992	0.014992	0	0.4167	0.4167	0	0.355556	0.355556	0	
4	0	4	0	10	0.533333	0.180074	0.533333	0	0.251852	3	3	3	0	3	-1.03446	-1.03446	0	-1.46598	-1.46598	0	0.755556	0.755556	0	
1	0	1	0	10	0	0	0	0	0	0	0	0	0	0	0	0	0	0	0	0	0	0	0	
2	0	2	0	10	0.2	0.154143	0.2	0	0.2	1	1	1	0	1	-1.11173	-1.11173	0	-0.339314	-0.339314	0	0.2	0.2	0	
2	0	2	0	10	0.533333	0.0946573	0.533333	0	0.533333	1	1	1	0	1	1.30268	1.30268	0	1.02917	1.02917	0	0.533333	0.533333	0	
1	0	1	0	10	0	0	0	0	0	0	0	0	0	0	0	0	0	0	0	0	0	0	0	
2	0	2	0	10	0.2	0.154143	0.2	0	0.2	1	1	1	0	1	-1.11173	-1.11173	0	-0.339314	-0.339314	0	0.2	0.2	0	
1	0	1	0	10	0	0	0	0	0	0	0	0	0	0	0	0	0	0	0	0	0	0	0	
1	0	1	0	10	0	0	0	0	0	0	0	0	0	0	0	0	0	0	0	0	0	0	0	
1	0	1	0	10	0	0	0	0	0	0	0	0	0	0	0	0	0	0	0	0	0	0	0	
3	0	3	0	10	0.377778	0.181279	0.377778	0	0.2	2	2	2	0	2	-1.40085	-1.40085	0	-1.16394	-1.16394	0	0.4	0.4	0	
4	0	4	0	10	0.777778	0.0906765	0.777778	0	0.362963	3	3	3	0	3	0.0964614	0.0964614	0	-0.698978	-0.698978	0	1.08889	1.08889	0	
1	0	1	0	10	0	0	0	0	0	0	0	0	0	0	0	0	0	0	0	0	0	0	0	
2	0	2	0	10	0.466667	0.131757	0.466667	0	0.466667	1	1	1	0	1	0.819796	0.819796	0	0.818008	0.818008	0	0.466667	0.466667	0	
1	0	1	0	10	0	0	0	0	0	0	0	0	0	0	0	0	0	0	0	0	0	0	0	
3	0	3	0	10	0.644444	0.101237	0.644444	0	0.544444	2	2	2	0	2	1.74286	1.74286	0	0.643393	0.643393	0	1.08889	1.08889	0	
2	0	2	0	10	0.2	0.154143	0.2	0	0.2	1	1	1	0	1	-1.11173	-1.11173	0	-0.339314	-0.339314	0	0.2	0.2	0	
3	0	3	0	10	0.733333	0.0764199	0.733333	0	0.5	2	2	2	0	2	1.33722	1.33722	0	0.477271	0.477271	0	1	1	0	
3	0	3	0	10	0.377778	0.181279	0.377778	0	0.2	2	2	2	0	2	-1.40085	-1.40085	0	-1.16394	-1.16394	0	0.4	0.4	0	
1	0	1	0	10	0	0	0	0	0	0	0	0	0	0	0	0	0	0	0	0	0	0	0	
2	0	2	0	10	0.2	0.154143	0.2	0	0.2	1	1	1	0	1	-1.11173	-1.11173	0	-0.339314	-0.339314	0	0.2	0.2	0	
3	0	3	0	10	0.377778	0.181279	0.377778	0	0.2	2	2	2	0	2	-1.40085	-1.40085	0	-1.16394	-1.16394	0	0.4	0.4	0	
4	0	4	0	10	0.711111	0.117454	0.711111	0	0.333333	4	4	4	0	4	-0.218882	-0.218882	0	-0.276923	-0.276923	0	1.33333	1.33333	0	
2	0	2	0	10	0.2	0.154143	0.2	0	0.2	1	1	1	0	1	-1.11173	-1.11173	0	-0.339314	-0.339314	0	0.2	0.2	0	
2	0	2	0	10	0.2	0.154143	0.2	0	0.2	1	1	1	0	1	-1.11173	-1.11173	0	-0.339314	-0.339314	0	0.2	0.2	0	
1	0	1	0	10	0	0	0	0	0	0	0	0	0	0	0	0	0	0	0	0	0	0	0	
1	0	1	0	10	0	0	0	0	0	0	0	0	0	0	0	0	0	0	0	0	0	0	0	
2	0	2	0	10	0.355556	0.159109	0.355556	0	0.355556	1	1	1	0	1	0.014992	0.014992	0	0.4167	0.4167	0	0.355556	0.355556	0	
2	0	2	0	10	0.2	0.154143	0.2	0	0.2	1	1	1	0	1	-1.11173	-1.11173	0	-0.339314	-0.339314	0	0.2	0.2	0	
1	0	1	0	10	0	0	0	0	0	0	0	0	0	0	0	0	0	0	0	0	0	0	0	
1	0	1	0	10	0	0	0	0	0	0	0	0	0	0	0	0	0	0	0	0	0	0	0	
1	0	1	0	10	0	0	0	0	0	0	0	0	0	0	0	0	0	0	0	0	0	0	0	
2	0	2	0	10	0.2	0.154143	0.2	0	0.2	1	1	1	0	1	-1.11173	-1.11173	0	-0.339314	-0.339314	0	0.2	0.2	0	
4	0	4	0	10	0.533333	0.180074	0.533333	0	0.238889	4	4	4	0	4	-1.24468	-1.24468	0	-0.971216	-0.971216	0	0.955556	0.955556	0	
1	0	1	0	10	0	0	0	0	0	0	0	0	0	0	0	0	0	0	0	0	0	0	0	
2	0	2	0	10	0.2	0.154143	0.2	0	0.2	1	1	1	0	1	-1.11173	-1.11173	0	-0.339314	-0.339314	0	0.2	0.2	0	
3	0	3	0	10	0.377778	0.181279	0.377778	0	0.2	2	2	2	0	2	-1.40085	-1.40085	0	-1.16394	-1.16394	0	0.4	0.4	0	
3	0	3	0	10	0.622222	0.138307	0.622222	0	0.474074	3	3	3	0	3	1.22738	1.22738	0	1.19353	1.19353	0	1.42222	1.42222	0	
4	0	4	0	10	0.644444	0.151819	0.644444	0	0.238889	4	4	4	0	4	-1.24468	-1.24468	0	-0.971216	-0.971216	0	0.955556	0.955556	0	
2	0	2	0	10	0.2	0.154143	0.2	0	0.2	1	1	1	0	1	-1.11173	-1.11173	0	-0.339314	-0.339314	0	0.2	0.2	0	
2	0	2	0	10	0.533333	0.0946573	0.533333	0	0.533333	1	1	1	0	1	1.30268	1.30268	0	1.02917	1.02917	0	0.533333	0.533333	0	
2	0	2	0	10	0.355556	0.159109	0.355556	0	0.355556	1	1	1	0	1	0.014992	0.014992	0	0.4167	0.4167	0	0.355556	0.355556	0	
3	0	3	0	10	0.511111	0.164303	0.511111	0	0.333333	2	2	2	0	2	-0.183929	-0.183929	0	-0.27178	-0.27178	0	0.666667	0.666667	0	
2	0	2	0	10	0.2	0.154143	0.2	0	0.2	1	1	1	0	1	-1.11173	-1.11173	0	-0.339314	-0.339314	0	0.2	0.2	0	
2	0	2	0	10	0.2	0.154143	0.2	0	0.2	1	1	1	0	1	-1.11173	-1.11173	0	-0.339314	-0.339314	0	0.2	0.2	0	
1	0	1	0	10	0	0	0	0	0	0	0	0	0	0	0	0	0	0	0	0	0	0	0	
2	0	2	0	10	0.2	0.154143	0.2	0	0.2	1	1	1	0	1	-1.11173	-1.11173	0	-0.339314	-0.339314	0	0.2	0.2	0	
2	0	2	0	10	0.2	0.154143	0.2	0	0.2	1	1	1	0	1	-1.11173	-1.11173	0	-0.339314	-0.339314	0	0.2	0.2	0	
4	0	4	0	10	0.733333	0.100532	0.733333	0	0.283333	4	4	4	0	4	-0.761949	-0.761949	0	-0.615736	-0.615736	0	1.13333	1.13333	0	
1	0	1	0	10	0	0	0	0	0	0	0	0	0	0	0	0	0	0	0	0	0	0	0	
1	0	1	0	10	0	0	0	0	0	0	0	0	0	0	0	0	0	0	0	0	0	0	0	
2	0	2	0	10	0.2	0.154143	0.2	0	0.2	1	1	1	0	1	-1.11173	-1.11173	0	-0.339314	-0.339314	0	0.2	0.2	0	
1	0	1	0	10	0	0	0	0	0	0	0	0	0	0	0	0	0	0	0	0	0	0	0	
1	0	1	0	10	0	0	0	0	0	0	0	0	0	0	0	0	0	0	0	0	0	0	0	
2	0	2	0	10	0.355556	0.159109	0.355556	0	0.355556	1	1	1	0	1	0.014992	0.014992	0	0.4167	0.4167	0	0.355556	0.355556	0	
2	0	2	0	10	0.2	0.154143	0.2	0	0.2	1	1	1	0	1	-1.11173	-1.11173	0	-0.339314	-0.339314	0	0.2	0.2	0	
1	0	1	0	10	0	0	0	0	0	0	0	0	0	0	0	0	0	0	0	0	0	0	0	
1	0	1	0	10	0	0	0	0	0	0	0	0	0	0	0	0	0	0	0	0	0	0	0	
3	0	3	0	10	0.6	0.130537	0.6	0	0.366667	2	2	2	0	2	0.120301	0.120301	0	-0.100592	-0.100592	0	0.733333	0.733333	0	
1	0	1	0	10	0	0	0	0	0	0	0	0	0	0	0	0	0	0	0	0	0	0	0	
1	0	1	0	10	0	0	0	0	0	0	0	0	0	0	0	0	0	0	0	0	0	0	0	
2	0	2	0	10	0.2	0.154143	0.2	0	0.2	1	1	1	0	1	-1.11173	-1.11173	0	-0.339314	-0.339314	0	0.2	0.2	0	
5	0	5	0	10	0.666667	0.163299	0.666667	0	0.238889	4	4	4	0	4	-1.24468	-1.24468	0	-2.37682	-2.37682	0	0.955556	0.955556	0	
3	0	3	0	10	0.688889	0.103837	0.688889	0	0.411111	2	2	2	0	2	0.525941	0.525941	0	0.108362	0.108362	0	0.822222	0.822222	0	
2	0	2	0	10	0.2	0.154143	0.2	0	0.2	1	1	1	0	1	-1.11173	-1.11173	0	-0.339314	-0.339314	0	0.2	0.2	0	
2	0	2	0	10	0.2	0.154143	0.2	0	0.2	1	1	1	0	1	-1.11173	-1.11173	0	-0.339314	-0.339314	0	0.2	0.2	0	
1	0	1	0	10	0	0	0	0	0	0	0	0	0	0	0	0	0	0	0	0	0	0	0	
3	0	3	0	10	0.377778	0.181279	0.377778	0	0.2	2	2	2	0	2	-1.40085	-1.40085	0	-1.16394	-1.16394	0	0.4	0.4	0	
1	0	1	0	10	0	0	0	0	0	0	0	0	0	0	0	0	0	0	0	0	0	0	0	
1	0	1	0	10	0	0	0	0	0	0	0	0	0	0	0	0	0	0	0	0	0	0	0	
1	0	1	0	10	0	0	0	0	0	0	0	0	0	0	0	0	0	0	0	0	0	0	0	
1	0	1	0	10	0	0	0	0	0	0	0	0	0	0	0	0	0	0	0	0	0	0	0	
2	0	2	0	10	0.2	0.154143	0.2	0	0.2	1	1	1	0	1	-1.11173	-1.11173	0	-0.339314	-0.339314	0	0.2	0.2	0	
1	0	1	0	10	0	0	0	0	0	0	0	0	0	0	0	0	0	0	0	0	0	0	0	
3	0	3	0	10	0.511111	0.164303	0.511111	0	0.277778	2	2	2	0	2	-0.69098	-0.69098	0	-0.593814	-0.593814	0	0.555556	0.555556	0	
2	0	2	0	10	0.466667	0.131757	0.466667	0	0.466667	1	1	1	0	1	0.819796	0.819796	0	0.818008	0.818008	0	0.466667	0.466667	0	
2	0	2	0	10	0.355556	0.159109	0.355556	0	0.355556	3	3	3	0	3	0.0210669	0.0210669	0	2.33782	2.33782	0	1.06667	1.06667	0	
1	0	1	0	10	0	0	0	0	0	0	0	0	0	0	0	0	0	0	0	0	0	0	0	
1	0	1	0	10	0	0	0	0	0	0	0	0	0	0	0	0	0	0	0	0	0	0	0	
2	0	2	0	10	0.2	0.154143	0.2	0	0.2	1	1	1	0	1	-1.11173	-1.11173	0	-0.339314	-0.339314	0	0.2	0.2	0	
1	0	1	0	10	0	0	0	0	0	0	0	0	0	0	0	0	0	0	0	0	0	0	0	
2	0	2	0	10	0.466667	0.131757	0.466667	0	0.466667	1	1	1	0	1	0.819796	0.819796	0	0.818008	0.818008	0	0.466667	0.466667	0	
1	0	1	0	10	0	0	0	0	0	0	0	0	0	0	0	0	0	0	0	0	0	0	0	
4	0	4	0	10	0.644444	0.151819	0.644444	0	0.251852	3	3	3	0	3	-1.03446	-1.03446	0	-1.46598	-1.46598	0	0.755556	0.755556	0	
1	0	1	0	10	0	0	0	0	0	0	0	0	0	0	0	0	0	0	0	0	0	0	0	
1	0	1	0	10	0	0	0	0	0	0	0	0	0	0	0	0	0	0	0	0	0	0	0	
3	0	3	0	10	0.511111	0.164303	0.511111	0	0.277778	2	2	2	0	2	-0.69098	-0.69098	0	-0.593814	-0.593814	0	0.555556	0.555556	0	
1	0	1	0	10	0	0	0	0	0	0	0	0	0	0	0	0	0	0	0	0	0	0	0	
1	0	1	0	10	0	0	0	0	0	0	0	0	0	0	0	0	0	0	0	0	0	0	0	
1	0	1	0	10	0	0	0	0	0	0	0	0	0	0	0	0	0	0	0	0	0	0	0	
1	0	1	0	10	0	0	0	0	0	0	0	0	0	0	0	0	0	0	0	0	0	0	0	
3	0	3	0	10	0.6	0.130537	0.6	0	0.288889	3	3	3	0	3	-0.657484	-0.657484	0	0.206017	0.206017	0	0.866667	0.866667	0	
2	0	2	0	10	0.2	0.154143	0.2	0	0.2	1	1	1	0	1	-1.11173	-1.11173	0	-0.339314	-0.339314	0	0.2	0.2	0	
2	0	2	0	10	0.2	0.154143	0.2	0	0.2	1	1	1	0	1	-1.11173	-1.11173	0	-0.339314	-0.339314	0	0.2	0.2	0	
1	0	1	0	10	0	0	0	0	0	0	0	0	0	0	0	0	0	0	0	0	0	0	0	
3	0	3	0	10	0.377778	0.181279	0.377778	0	0.2	2	2	2	0	2	-1.40085	-1.40085	0	-1.16394	-1.16394	0	0.4	0.4	0	
2	0	2	0	10	0.2	0.154143	0.2	0	0.2	1	1	1	0	1	-1.11173	-1.11173	0	-0.339314	-0.339314	0	0.2	0.2	0	
1	0	1	0	10	0	0	0	0	0	0	0	0	0	0	0	0	0	0	0	0	0	0	0	
1	0	1	0	10	0	0	0	0	0	0	0	0	0	0	0	0	0	0	0	0	0	0	0	
6	0	6	0	10	0.844444	0.102935	0.844444	0	0.32	5	5	5	0	5	-0.379852	-0.379852	0	-2.44153	-2.44153	0	1.6	1.6	0	
4	0	4	0	10	0.711111	0.117454	0.711111	0	0.318519	3	3	3	0	3	-0.355906	-0.355906	0	-0.971216	-0.971216	0	0.955556	0.955556	0	
2	0	2	0	10	0.533333	0.0946573	0.533333	0	0.533333	1	1	1	0	1	1.30268	1.30268	0	1.02917	1.02917	0	0.533333	0.533333	0	
2	0	2	0	10	0.355556	0.159109	0.355556	0	0.355556	1	1	1	0	1	0.014992	0.014992	0	0.4167	0.4167	0	0.355556	0.355556	0	
3	0	3	0	10	0.511111	0.164303	0.511111	0	0.277778	2	2	2	0	2	-0.69098	-0.69098	0	-0.593814	-0.593814	0	0.555556	0.555556	0	
2	0	2	0	10	0.355556	0.159109	0.355556	0	0.355556	1	1	1	0	1	0.014992	0.014992	0	0.4167	0.4167	0	0.355556	0.355556	0	
2	0	2	0	10	0.2	0.154143	0.2	0	0.2	1	1	1	0	1	-1.11173	-1.11173	0	-0.339314	-0.339314	0	0.2	0.2	0	
3	0	3	0	10	0.644444	0.101237	0.644444	0	0.437037	3	3	3	0	3	0.850406	0.850406	0	1.02067	1.02067	0	1.31111	1.31111	0	
2	0	2	0	10	0.555556	0.0745356	0.555556	0	0.555556	1	1	1	0	1	1.46364	1.46364	0	1.09586	1.09586	0	0.555556	0.555556	0	
3	0	3	0	10	0.511111	0.164303	0.511111	0	0.277778	2	2	2	0	2	-0.69098	-0.69098	0	-0.593814	-0.593814	0	0.555556	0.555556	0	
3	0	3	0	10	0.377778	0.181279	0.377778	0	0.2	2	2	2	0	2	-1.40085	-1.40085	0	-1.16394	-1.16394	0	0.4	0.4	0	
2	0	2	0	10	0.533333	0.0946573	0.533333	0	0.533333	2	2	2	0	2	1.64145	1.64145	0	2.33782	2.33782	0	1.06667	1.06667	0	
1	0	1	0	10	0	0	0	0	0	0	0	0	0	0	0	0	0	0	0	0	0	0	0	
2	0	2	0	10	0.355556	0.159109	0.355556	0	0.355556	1	1	1	0	1	0.014992	0.014992	0	0.4167	0.4167	0	0.355556	0.355556	0	
2	0	2	0	10	0.355556	0.159109	0.355556	0	0.355556	1	1	1	0	1	0.014992	0.014992	0	0.4167	0.4167	0	0.355556	0.355556	0	
1	0	1	0	10	0	0	0	0	0	0	0	0	0	0	0	0	0	0	0	0	0	0	0	
5	0	5	0	10	0.755556	0.129546	0.755556	0	0.277778	4	4	4	0	4	-0.82229	-0.82229	0	-1.99329	-1.99329	0	1.11111	1.11111	0	
2	0	2	0	10	0.355556	0.159109	0.355556	0	0.355556	1	1	1	0	1	0.014992	0.014992	0	0.4167	0.4167	0	0.355556	0.355556	0	
1	0	1	0	10	0	0	0	0	0	0	0	0	0	0	0	0	0	0	0	0	0	0	0	
1	0	1	0	10	0	0	0	0	0	0	0	0	0	0	0	0	0	0	0	0	0	0	0	
1	0	1	0	10	0	0	0	0	0	0	0	0	0	0	0	0	0	0	0	0	0	0	0	
2	0	2	0	10	0.2	0.154143	0.2	0	0.2	1	1	1	0	1	-1.11173	-1.11173	0	-0.339314	-0.339314	0	0.2	0.2	0	
3	0	3	0	10	0.622222	0.138307	0.622222	0	0.355556	2	2	2	0	2	0.0188908	0.0188908	0	-0.156119	-0.156119	0	0.711111	0.711111	0	
2	0	2	0	10	0.2	0.154143	0.2	0	0.2	1	1	1	0	1	-1.11173	-1.11173	0	-0.339314	-0.339314	0	0.2	0.2	0	
2	0	2	0	10	0.2	0.154143	0.2	0	0.2	1	1	1	0	1	-1.11173	-1.11173	0	-0.339314	-0.339314	0	0.2	0.2	0	
2	0	2	0	10	0.2	0.154143	0.2	0	0.2	1	1	1	0	1	-1.11173	-1.11173	0	-0.339314	-0.339314	0	0.2	0.2	0	
2	0	2	0	10	0.2	0.154143	0.2	0	0.2	1	1	1	0	1	-1.11173	-1.11173	0	-0.339314	-0.339314	0	0.2	0.2	0	
2	0	2	0	10	0.355556	0.159109	0.355556	0	0.355556	1	1	1	0	1	0.014992	0.014992	0	0.4167	0.4167	0	0.355556	0.355556	0	
1	0	1	0	10	0	0	0	0	0	0	0	0	0	0	0	0	0	0	0	0	0	0	0	
3	0	3	0	10	0.511111	0.164303	0.511111	0	0.277778	2	2	2	0	2	-0.69098	-0.69098	0	-0.593814	-0.593814	0	0.555556	0.555556	0	
2	0	2	0	10	0.355556	0.159109	0.355556	0	0.355556	1	1	1	0	1	0.014992	0.014992	0	0.4167	0.4167	0	0.355556	0.355556	0	
2	0	2	0	10	0.2	0.154143	0.2	0	0.2	1	1	1	0	1	-1.11173	-1.11173	0	-0.339314	-0.339314	0	0.2	0.2	0	
2	0	2	0	10	0.555556	0.0745356	0.555556	0	0.555556	1	1	1	0	1	1.46364	1.46364	0	1.09586	1.09586	0	0.555556	0.555556	0	
1	0	1	0	10	0	0	0	0	0	0	0	0	0	0	0	0	0	0	0	0	0	0	0	
3	0	3	0	10	0.6	0.130537	0.6	0	0.5	2	2	2	0	2	1.33722	1.33722	0	0.477271	0.477271	0	1	1	0	
3	0	3	0	10	0.6	0.130537	0.6	0	0.366667	2	2	2	0	2	0.120301	0.120301	0	-0.100592	-0.100592	0	0.733333	0.733333	0	
2	0	2	0	10	0.2	0.154143	0.2	0	0.2	1	1	1	0	1	-1.11173	-1.11173	0	-0.339314	-0.339314	0	0.2	0.2	0	
3	0	3	0	10	0.511111	0.164303	0.511111	0	0.277778	2	2	2	0	2	-0.69098	-0.69098	0	-0.593814	-0.593814	0	0.555556	0.555556	0	
1	0	1	0	10	0	0	0	0	0	0	0	0	0	0	0	0	0	0	0	0	0	0	0	
1	0	1	0	10	0	0	0	0	0	0	0	0	0	0	0	0	0	0	0	0	0	0	0	
1	0	1	0	10	0	0	0	0	0	0	0	0	0	0	0	0	0	0	0	0	0	0	0	
2	0	2	0	10	0.2	0.154143	0.2	0	0.2	1	1	1	0	1	-1.11173	-1.11173	0	-0.339314	-0.339314	0	0.2	0.2	0	
1	0	1	0	10	0	0	0	0	0	0	0	0	0	0	0	0	0	0	0	0	0	0	0	
2	0	2	0	10	0.2	0.154143	0.2	0	0.2	1	1	1	0	1	-1.11173	-1.11173	0	-0.339314	-0.339314	0	0.2	0.2	0	
3	0	3	0	10	0.622222	0.138307	0.622222	0	0.355556	2	2	2	0	2	0.0188908	0.0188908	0	-0.156119	-0.156119	0	0.711111	0.711111	0	
3	0	3	0	10	0.511111	0.164303	0.511111	0	0.251852	3	3	3	0	3	-1.03446	-1.03446	0	-0.0464656	-0.0464656	0	0.755556	0.755556	0	
2	0	2	0	10	0.2	0.154143	0.2	0	0.2	2	2	2	0	2	-1.40085	-1.40085	0	0.586219	0.586219	0	0.4	0.4	0	
1	0	1	0	10	0	0	0	0	0	0	0	0	0	0	0	0	0	0	0	0	0	0	0	
1	0	1	0	10	0	0	0	0	0	0	0	0	0	0	0	0	0	0	0	0	0	0	0	
2	0	2	0	10	0.2	0.154143	0.2	0	0.2	1	1	1	0	1	-1.11173	-1.11173	0	-0.339314	-0.339314	0	0.2	0.2	0	
1	0	1	0	10	0	0	0	0	0	0	0	0	0	0	0	0	0	0	0	0	0	0	0	
2	0	2	0	10	0.2	0.154143	0.2	0	0.2	1	1	1	0	1	-1.11173	-1.11173	0	-0.339314	-0.339314	0	0.2	0.2	0	
1	0	1	0	10	0	0	0	0	0	0	0	0	0	0	0	0	0	0	0	0	0	0	0	
2	0	2	0	10	0.2	0.154143	0.2	0	0.2	2	2	2	0	2	-1.40085	-1.40085	0	0.586219	0.586219	0	0.4	0.4	0	
2	0	2	0	10	0.2	0.154143	0.2	0	0.2	1	1	1	0	1	-1.11173	-1.11173	0	-0.339314	-0.339314	0	0.2	0.2	0	
2	0	2	0	10	0.2	0.154143	0.2	0	0.2	1	1	1	0	1	-1.11173	-1.11173	0	-0.339314	-0.339314	0	0.2	0.2	0	
2	0	2	0	10	0.533333	0.0946573	0.533333	0	0.533333	1	1	1	0	1	1.30268	1.30268	0	1.02917	1.02917	0	0.533333	0.533333	0	
1	0	1	0	10	0	0	0	0	0	0	0	0	0	0	0	0	0	0	0	0	0	0	0	
2	0	2	0	10	0.2	0.154143	0.2	0	0.2	1	1	1	0	1	-1.11173	-1.11173	0	-0.339314	-0.339314	0	0.2	0.2	0	
1	0	1	0	10	0	0	0	0	0	0	0	0	0	0	0	0	0	0	0	0	0	0	0	
1	0	1	0	10	0	0	0	0	0	0	0	0	0	0	0	0	0	0	0	0	0	0	0	
2	0	2	0	10	0.2	0.154143	0.2	0	0.2	1	1	1	0	1	-1.11173	-1.11173	0	-0.339314	-0.339314	0	0.2	0.2	0	
2	0	2	0	10	0.2	0.154143	0.2	0	0.2	1	1	1	0	1	-1.11173	-1.11173	0	-0.339314	-0.339314	0	0.2	0.2	0	
1	0	1	0	10	0	0	0	0	0	0	0	0	0	0	0	0	0	0	0	0	0	0	0	
2	0	2	0	10	0.355556	0.159109	0.355556	0	0.355556	1	1	1	0	1	0.014992	0.014992	0	0.4167	0.4167	0	0.355556	0.355556	0	
2	0	2	0	10	0.533333	0.0946573	0.533333	0	0.533333	1	1	1	0	1	1.30268	1.30268	0	1.02917	1.02917	0	0.533333	0.533333	0	
2	0	2	0	10	0.355556	0.159109	0.355556	0	0.355556	1	1	1	0	1	0.014992	0.014992	0	0.4167	0.4167	0	0.355556	0.355556	0	
2	0	2	0	10	0.466667	0.131757	0.466667	0	0.466667	1	1	1	0	1	0.819796	0.819796	0	0.818008	0.818008	0	0.466667	0.466667	0	
2	0	2	0	10	0.2	0.154143	0.2	0	0.2	1	1	1	0	1	-1.11173	-1.11173	0	-0.339314	-0.339314	0	0.2	0.2	0	
1	0	1	0	10	0	0	0	0	0	0	0	0	0	0	0	0	0	0	0	0	0	0	0	
2	0	2	0	10	0.355556	0.159109	0.355556	0	0.355556	1	1	1	0	1	0.014992	0.014992	0	0.4167	0.4167	0	0.355556	0.355556	0	
2	0	2	0	10	0.2	0.154143	0.2	0	0.2	1	1	1	0	1	-1.11173	-1.11173	0	-0.339314	-0.339314	0	0.2	0.2	0	
1	0	1	0	10	0	0	0	0	0	0	0	0	0	0	0	0	0	0	0	0	0	0	0	
3	0	3	0	10	0.377778	0.181279	0.377778	0	0.2	2	2	2	0	2	-1.40085	-1.40085	0	-1.16394	-1.16394	0	0.4	0.4	0	
1	0	1	0	10	0	0	0	0	0	0	0	0	0	0	0	0	0	0	0	0	0	0	0	
1	0	1	0	10	0	0	0	0	0	0	0	0	0	0	0	0	0	0	0	0	0	0	0	
2	0	2	0	10	0.2	0.154143	0.2	0	0.2	1	1	1	0	1	-1.11173	-1.11173	0	-0.339314	-0.339314	0	0.2	0.2	0	
1	0	1	0	10	0	0	0	0	0	0	0	0	0	0	0	0	0	0	0	0	0	0	0	
2	0	2	0	10	0.355556	0.159109	0.355556	0	0.355556	1	1	1	0	1	0.014992	0.014992	0	0.4167	0.4167	0	0.355556	0.355556	0	
2	0	2	0	10	0.466667	0.131757	0.466667	0	0.466667	1	1	1	0	1	0.819796	0.819796	0	0.818008	0.818008	0	0.466667	0.466667	0	
2	0	2	0	10	0.2	0.154143	0.2	0	0.2	2	2	2	0	2	-1.40085	-1.40085	0	0.586219	0.586219	0	0.4	0.4	0	
1	0	1	0	10	0	0	0	0	0	0	0	0	0	0	0	0	0	0	0	0	0	0	0	
2	0	2	0	10	0.2	0.154143	0.2	0	0.2	2	2	2	0	2	-1.40085	-1.40085	0	0.586219	0.586219	0	0.4	0.4	0	
2	0	2	0	10	0.2	0.154143	0.2	0	0.2	1	1	1	0	1	-1.11173	-1.11173	0	-0.339314	-0.339314	0	0.2	0.2	0	
2	0	2	0	10	0.2	0.154143	0.2	0	0.2	1	1	1	0	1	-1.11173	-1.11173	0	-0.339314	-0.339314	0	0.2	0.2	0	
2	0	2	0	10	0.355556	0.159109	0.355556	0	0.355556	1	1	1	0	1	0.014992	0.014992	0	0.4167	0.4167	0	0.355556	0.355556	0	
2	0	2	0	10	0.533333	0.0946573	0.533333	0	0.533333	1	1	1	0	1	1.30268	1.30268	0	1.02917	1.02917	0	0.533333	0.533333	0	
1	0	1	0	10	0	0	0	0	0	0	0	0	0	0	0	0	0	0	0	0	0	0	0	
2	0	2	0	10	0.533333	0.0946573	0.533333	0	0.533333	1	1	1	0	1	1.30268	1.30268	0	1.02917	1.02917	0	0.533333	0.533333	0	
2	0	2	0	10	0.2	0.154143	0.2	0	0.2	2	2	2	0	2	-1.40085	-1.40085	0	0.586219	0.586219	0	0.4	0.4	0	
1	0	1	0	10	0	0	0	0	0	0	0	0	0	0	0	0	0	0	0	0	0	0	0	
3	0	3	0	10	0.622222	0.138307	0.622222	0	0.355556	2	2	2	0	2	0.0188908	0.0188908	0	-0.156119	-0.156119	0	0.711111	0.711111	0	
1	0	1	0	10	0	0	0	0	0	0	0	0	0	0	0	0	0	0	0	0	0	0	0	
1	0	1	0	10	0	0	0	0	0	0	0	0	0	0	0	0	0	0	0	0	0	0	0	
2	0	2	0	10	0.2	0.154143	0.2	0	0.2	1	1	1	0	1	-1.11173	-1.11173	0	-0.339314	-0.339314	0	0.2	0.2	0	
1	0	1	0	10	0	0	0	0	0	0	0	0	0	0	0	0	0	0	0	0	0	0	0	
2	0	2	0	10	0.466667	0.131757	0.466667	0	0.466667	1	1	1	0	1	0.819796	0.819796	0	0.818008	0.818008	0	0.466667	0.466667	0	
1	0	1	0	10	0	0	0	0	0	0	0	0	0	0	0	0	0	0	0	0	0	0	0	
2	0	2	0	10	0.2	0.154143	0.2	0	0.2	1	1	1	0	1	-1.11173	-1.11173	0	-0.339314	-0.339314	0	0.2	0.2	0	
2	0	2	0	10	0.355556	0.159109	0.355556	0	0.355556	1	1	1	0	1	0.014992	0.014992	0	0.4167	0.4167	0	0.355556	0.355556	0	
1	0	1	0	10	0	0	0	0	0	0	0	0	0	0	0	0	0	0	0	0	0	0	0	
1	0	1	0	10	0	0	0	0	0	0	0	0	0	0	0	0	0	0	0	0	0	0	0	
1	0	1	0	10	0	0	0	0	0	0	0	0	0	0	0	0	0	0	0	0	0	0	0	
4	0	4	0	10	0.533333	0.180074	0.533333	0	0.238889	4	4	4	0	4	-1.24468	-1.24468	0	-0.971216	-0.971216	0	0.955556	0.955556	0	
1	0	1	0	10	0	0	0	0	0	0	0	0	0	0	0	0	0	0	0	0	0	0	0	
1	0	1	0	10	0	0	0	0	0	0	0	0	0	0	0	0	0	0	0	0	0	0	0	
3	0	3	0	10	0.511111	0.164303	0.511111	0	0.277778	2	2	2	0	2	-0.69098	-0.69098	0	-0.593814	-0.593814	0	0.555556	0.555556	0	
1	0	1	0	10	0	0	0	0	0	0	0	0	0	0	0	0	0	0	0	0	0	0	0	
2	0	2	0	10	0.2	0.154143	0.2	0	0.2	1	1	1	0	1	-1.11173	-1.11173	0	-0.339314	-0.339314	0	0.2	0.2	0	
1	0	1	0	10	0	0	0	0	0	0	0	0	0	0	0	0	0	0	0	0	0	0	0	
2	0	2	0	10	0.355556	0.159109	0.355556	0	0.355556	1	1	1	0	1	0.014992	0.014992	0	0.4167	0.4167	0	0.355556	0.355556	0	
2	0	2	0	10	0.355556	0.159109	0.355556	0	0.355556	1	1	1	0	1	0.014992	0.014992	0	0.4167	0.4167	0	0.355556	0.355556	0	
1	0	1	0	10	0	0	0	0	0	0	0	0	0	0	0	0	0	0	0	0	0	0	0	
3	0	3	0	10	0.377778	0.181279	0.377778	0	0.2	2	2	2	0	2	-1.40085	-1.40085	0	-1.16394	-1.16394	0	0.4	0.4	0	
3	0	3	0	10	0.6	0.130537	0.6	0	0.333333	2	2	2	0	2	-0.183929	-0.183929	0	-0.27178	-0.27178	0	0.666667	0.666667	0	
2	0	2	0	10	0.2	0.154143	0.2	0	0.2	1	1	1	0	1	-1.11173	-1.11173	0	-0.339314	-0.339314	0	0.2	0.2	0	
2	0	2	0	10	0.2	0.154143	0.2	0	0.2	1	1	1	0	1	-1.11173	-1.11173	0	-0.339314	-0.339314	0	0.2	0.2	0	
1	0	1	0	10	0	0	0	0	0	0	0	0	0	0	0	0	0	0	0	0	0	0	0	
5	0	5	0	10	0.755556	0.129546	0.755556	0	0.238889	4	4	4	0	4	-1.24468	-1.24468	0	-2.37682	-2.37682	0	0.955556	0.955556	0	
2	0	2	0	10	0.2	0.154143	0.2	0	0.2	1	1	1	0	1	-1.11173	-1.11173	0	-0.339314	-0.339314	0	0.2	0.2	0	
1	0	1	0	10	0	0	0	0	0	0	0	0	0	0	0	0	0	0	0	0	0	0	0	
3	0	3	0	10	0.511111	0.164303	0.511111	0	0.277778	2	2	2	0	2	-0.69098	-0.69098	0	-0.593814	-0.593814	0	0.555556	0.555556	0	
1	0	1	0	10	0	0	0	0	0	0	0	0	0	0	0	0	0	0	0	0	0	0	0	
2	0	2	0	10	0.533333	0.0946573	0.533333	0	0.533333	1	1	1	0	1	1.30268	1.30268	0	1.02917	1.02917	0	0.533333	0.533333	0	
2	0	2	0	10	0.533333	0.0946573	0.533333	0	0.533333	1	1	1	0	1	1.30268	1.30268	0	1.02917	1.02917	0	0.533333	0.533333	0	
1	0	1	0	10	0	0	0	0	0	0	0	0	0	0	0	0	0	0	0	0	0	0	0	
2	0	2	0	10	0.2	0.154143	0.2	0	0.2	1	1	1	0	1	-1.11173	-1.11173	0	-0.339314	-0.339314	0	0.2	0.2	0	
2	0	2	0	10	0.2	0.154143	0.2	0	0.2	1	1	1	0	1	-1.11173	-1.11173	0	-0.339314	-0.339314	0	0.2	0.2	0	
1	0	1	0	10	0	0	0	0	0	0	0	0	0	0	0	0	0	0	0	0	0	0	0	
3	0	3	0	10	0.688889	0.103837	0.688889	0	0.411111	2	2	2	0	2	0.525941	0.525941	0	0.108362	0.108362	0	0.822222	0.822222	0	
2	0	2	0	10	0.2	0.154143	0.2	0	0.2	1	1	1	0	1	-1.11173	-1.11173	0	-0.339314	-0.339314	0	0.2	0.2	0	
1	0	1	0	10	0	0	0	0	0	0	0	0	0	0	0	0	0	0	0	0	0	0	0	
1	0	1	0	10	0	0	0	0	0	0	0	0	0	0	0	0	0	0	0	0	0	0	0	
2	0	2	0	10	0.2	0.154143	0.2	0	0.2	2	2	2	0	2	-1.40085	-1.40085	0	0.586219	0.586219	0	0.4	0.4	0	
1	0	1	0	10	0	0	0	0	0	0	0	0	0	0	0	0	0	0	0	0	0	0	0	
2	0	2	0	10	0.355556	0.159109	0.355556	0	0.355556	1	1	1	0	1	0.014992	0.014992	0	0.4167	0.4167	0	0.355556	0.355556	0	
1	0	1	0	10	0	0	0	0	0	0	0	0	0	0	0	0	0	0	0	0	0	0	0	
1	0	1	0	10	0	0	0	0	0	0	0	0	0	0	0	0	0	0	0	0	0	0	0	
2	0	2	0	10	0.2	0.154143	0.2	0	0.2	1	1	1	0	1	-1.11173	-1.11173	0	-0.339314	-0.339314	0	0.2	0.2	0	
3	0	3	0	10	0.6	0.130537	0.6	0	0.333333	2	2	2	0	2	-0.183929	-0.183929	0	-0.27178	-0.27178	0	0.666667	0.666667	0	
1	0	1	0	10	0	0	0	0	0	0	0	0	0	0	0	0	0	0	0	0	0	0	0	
1	0	1	0	10	0	0	0	0	0	0	0	0	0	0	0	0	0	0	0	0	0	0	0	
1	0	1	0	10	0	0	0	0	0	0	0	0	0	0	0	0	0	0	0	0	0	0	0	
1	0	1	0	10	0	0	0	0	0	0	0	0	0	0	0	0	0	0	0	0	0	0	0	
1	0	1	0	10	0	0	0	0	0	0	0	0	0	0	0	0	0	0	0	0	0	0	0	
2	0	2	0	10	0.2	0.154143	0.2	0	0.2	1	1	1	0	1	-1.11173	-1.11173	0	-0.339314	-0.339314	0	0.2	0.2	0	
2	0	2	0	10	0.2	0.154143	0.2	0	0.2	1	1	1	0	1	-1.11173	-1.11173	0	-0.339314	-0.339314	0	0.2	0.2	0	
2	0	2	0	10	0.2	0.154143	0.2	0	0.2	1	1	1	0	1	-1.11173	-1.11173	0	-0.339314	-0.339314	0	0.2	0.2	0	
1	0	1	0	10	0	0	0	0	0	0	0	0	0	0	0	0	0	0	0	0	0	0	0	
1	0	1	0	10	0	0	0	0	0	0	0	0	0	0	0	0	0	0	0	0	0	0	0	
1	0	1	0	10	0	0	0	0	0	0	0	0	0	0	0	0	0	0	0	0	0	0	0	
3	0	3	0	10	0.711111	0.0859974	0.711111	0	0.444444	2	2	2	0	2	0.830172	0.830172	0	0.253363	0.253363	0	0.888889	0.888889	0	
3	0	3	0	10	0.511111	0.164303	0.511111	0	0.277778	2	2	2	0	2	-0.69098	-0.69098	0	-0.593814	-0.593814	0	0.555556	0.555556	0	
4	0	4	0	10	0.733333	0.119889	0.733333	0	0.303704	3	3	3	0	3	-0.506695	-0.506695	0	-1.07085	-1.07085	0	0.911111	0.911111	0	
3	0	3	0	10	0.377778	0.181279	0.377778	0	0.2	2	2	2	0	2	-1.40085	-1.40085	0	-1.16394	-1.16394	0	0.4	0.4	0	
1	0	1	0	10	0	0	0	0	0	0	0	0	0	0	0	0	0	0	0	0	0	0	0	
1	0	1	0	10	0	0	0	0	0	0	0	0	0	0	0	0	0	0	0	0	0	0	0	
2	0	2	0	10	0.2	0.154143	0.2	0	0.2	1	1	1	0	1	-1.11173	-1.11173	0	-0.339314	-0.339314	0	0.2	0.2	0	
2	0	2	0	10	0.2	0.154143	0.2	0	0.2	1	1	1	0	1	-1.11173	-1.11173	0	-0.339314	-0.339314	0	0.2	0.2	0	
2	0	2	0	10	0.466667	0.131757	0.466667	0	0.466667	1	1	1	0	1	0.819796	0.819796	0	0.818008	0.818008	0	0.466667	0.466667	0	
1	0	1	0	10	0	0	0	0	0	0	0	0	0	0	0	0	0	0	0	0	0	0	0	
1	0	1	0	10	0	0	0	0	0	0	0	0	0	0	0	0	0	0	0	0	0	0	0	
2	0	2	0	10	0.2	0.154143	0.2	0	0.2	1	1	1	0	1	-1.11173	-1.11173	0	-0.339314	-0.339314	0	0.2	0.2	0	
4	0	4	0	10	0.733333	0.100532	0.733333	0	0.366667	4	4	4	0	4	0.143162	0.143162	0	-0.0767804	-0.0767804	0	1.46667	1.46667	0	
2	0	2	0	10	0.2	0.154143	0.2	0	0.2	1	1	1	0	1	-1.11173	-1.11173	0	-0.339314	-0.339314	0	0.2	0.2	0	
1	0	1	0	10	0	0	0	0	0	0	0	0	0	0	0	0	0	0	0	0	0	0	0	
1	0	1	0	10	0	0	0	0	0	0	0	0	0	0	0	0	0	0	0	0	0	0	0	
2	0	2	0	10	0.466667	0.131757	0.466667	0	0.466667	1	1	1	0	1	0.819796	0.819796	0	0.818008	0.818008	0	0.466667	0.466667	0	
1	0	1	0	10	0	0	0	0	0	0	0	0	0	0	0	0	0	0	0	0	0	0	0	
1	0	1	0	10	0	0	0	0	0	0	0	0	0	0	0	0	0	0	0	0	0	0	0	
4	0	4	0	10	0.644444	0.151819	0.644444	0	0.251852	3	3	3	0	3	-1.03446	-1.03446	0	-1.46598	-1.46598	0	0.755556	0.755556	0	
1	0	1	0	10	0	0	0	0	0	0	0	0	0	0	0	0	0	0	0	0	0	0	0	
2	0	2	0	10	0.355556	0.159109	0.355556	0	0.355556	1	1	1	0	1	0.014992	0.014992	0	0.4167	0.4167	0	0.355556	0.355556	0	
2	0	2	0	10	0.355556	0.159109	0.355556	0	0.355556	1	1	1	0	1	0.014992	0.014992	0	0.4167	0.4167	0	0.355556	0.355556	0	
3	0	3	0	10	0.733333	0.0764199	0.733333	0	0.5	2	2	2	0	2	1.33722	1.33722	0	0.477271	0.477271	0	1	1	0	
3	0	3	0	10	0.6	0.130537	0.6	0	0.377778	3	3	3	0	3	0.24725	0.24725	0	0.722822	0.722822	0	1.13333	1.13333	0	
2	0	2	0	10	0.2	0.154143	0.2	0	0.2	1	1	1	0	1	-1.11173	-1.11173	0	-0.339314	-0.339314	0	0.2	0.2	0	
1	0	1	0	10	0	0	0	0	0	0	0	0	0	0	0	0	0	0	0	0	0	0	0	
