K_1	Ksd_1	mean_K	sd_K	tot_K	H_1	Hsd_1	mean_H	sd_H	tot_H	S_1	prS_1	mean_S	sd_S	tot_S	D_1	mean_D	sd_D	FS_1	mean_FS	sd_FS	Pi_1	mean_Pi	sd_Pi	
6	0	6	0	10	0.844444	0.102935	0.844444	0	0.311111	9	9	9	0	9	-0.524912	-0.524912	0	-0.982556	-0.982556	0	2.8	2.8	0	
4	0	4	0	10	0.644444	0.151819	0.644444	0	0.412698	7	7	7	0	7	0.709509	0.709509	0	1.45377	1.45377	0	2.88889	2.88889	0	
3	0	3	0	10	0.688889	0.103837	0.688889	0	0.455556	2	2	2	0	2	0.931582	0.931582	0	0.299793	0.299793	0	0.911111	0.911111	0	
3	0	3	0	10	0.6	0.130537	0.6	0	0.377778	3	3	3	0	3	0.24725	0.24725	0	0.722822	0.722822	0	1.13333	1.13333	0	
4	0	4	0	10	0.733333	0.119889	0.733333	0	0.422222	6	6	6	0	6	0.804452	0.804452	0	1.1346	1.1346	0	2.53333	2.53333	0	
2	0	2	0	10	0.355556	0.159109	0.355556	0	0.355556	3	3	3	0	3	0.0210669	0.0210669	0	2.33782	2.33782	0	1.06667	1.06667	0	
6	0	6	0	10	0.888889	0.0754247	0.888889	0	0.462963	12	12	12	0	12	1.39886	1.39886	0	0.638306	0.638306	0	5.55556	5.55556	0	
4	0	4	0	10	0.733333	0.100532	0.733333	0	0.266667	5	5	5	0	5	-0.984849	-0.984849	0	-0.276923	-0.276923	0	1.33333	1.33333	0	
3	0	3	0	10	0.377778	0.181279	0.377778	0	0.2	5	5	5	0	5	-1.7411	-1.7411	0	0.477271	0.477271	0	1	1	0	
6	0	6	0	10	0.888889	0.0754247	0.888889	0	0.408889	10	10	10	0	10	0.694709	0.694709	0	-0.0838703	-0.0838703	0	4.08889	4.08889	0	
5	0	5	0	10	0.822222	0.0969307	0.822222	0	0.425	8	8	8	0	8	0.872847	0.872847	0	0.614515	0.614515	0	3.4	3.4	0	
4	0	4	0	10	0.644444	0.151819	0.644444	0	0.238889	4	4	4	0	4	-1.24468	-1.24468	0	-0.971216	-0.971216	0	0.955556	0.955556	0	
3	0	3	0	10	0.6	0.130537	0.6	0	0.477778	6	6	6	0	6	1.45464	1.45464	0	2.96274	2.96274	0	2.86667	2.86667	0	
5	0	5	0	10	0.8	0.100133	0.8	0	0.266667	5	5	5	0	5	-0.984849	-0.984849	0	-1.54678	-1.54678	0	1.33333	1.33333	0	
5	0	5	0	10	0.755556	0.129546	0.755556	0	0.231111	5	5	5	0	5	-1.38818	-1.38818	0	-1.89575	-1.89575	0	1.15556	1.15556	0	
4	0	4	0	10	0.777778	0.0906765	0.777778	0	0.362963	3	3	3	0	3	0.0964614	0.0964614	0	-0.698978	-0.698978	0	1.08889	1.08889	0	
3	0	3	0	10	0.511111	0.164303	0.511111	0	0.251852	3	3	3	0	3	-1.03446	-1.03446	0	-0.0464656	-0.0464656	0	0.755556	0.755556	0	
3	0	3	0	10	0.688889	0.103837	0.688889	0	0.383333	4	4	4	0	4	0.324185	0.324185	0	1.35813	1.35813	0	1.53333	1.53333	0	
4	0	4	0	10	0.777778	0.0906765	0.777778	0	0.355556	5	5	5	0	5	0.0234791	0.0234791	0	0.334025	0.334025	0	1.77778	1.77778	0	
3	0	3	0	10	0.711111	0.0859974	0.711111	0	0.533333	5	5	5	0	5	2.04014	2.04014	0	2.75143	2.75143	0	2.66667	2.66667	0	
5	0	5	0	10	0.844444	0.0795543	0.844444	0	0.307407	6	6	6	0	6	-0.539275	-0.539275	0	-0.787208	-0.787208	0	1.84444	1.84444	0	
5	0	5	0	10	0.844444	0.0795543	0.844444	0	0.392593	6	6	6	0	6	0.457684	0.457684	0	-0.230334	-0.230334	0	2.35556	2.35556	0	
2	0	2	0	10	0.466667	0.131757	0.466667	0	0.466667	11	11	11	0	11	1.43373	1.43373	0	7.72957	7.72957	0	5.13333	5.13333	0	
3	0	3	0	10	0.644444	0.101237	0.644444	0	0.422222	3	3	3	0	3	0.699617	0.699617	0	0.948883	0.948883	0	1.26667	1.26667	0	
1	0	1	0	10	0	0	0	0	0	0	0	0	0	0	0	0	0	0	0	0	0	0	0	
7	0	7	0	10	0.911111	0.0773448	0.911111	0	0.337778	10	10	10	0	10	-0.196965	-0.196965	0	-1.72602	-1.72602	0	3.37778	3.37778	0	
4	0	4	0	10	0.777778	0.0906765	0.777778	0	0.35	8	8	8	0	8	-0.0425445	-0.0425445	0	1.37646	1.37646	0	2.8	2.8	0	
4	0	4	0	10	0.711111	0.117454	0.711111	0	0.288889	3	3	3	0	3	-0.657484	-0.657484	0	-1.1758	-1.1758	0	0.866667	0.866667	0	
3	0	3	0	10	0.6	0.130537	0.6	0	0.266667	8	8	8	0	8	-1.05965	-1.05965	0	2.14576	2.14576	0	2.13333	2.13333	0	
3	0	3	0	10	0.733333	0.0764199	0.733333	0	0.466667	2	2	2	0	2	1.03299	1.03299	0	0.345355	0.345355	0	0.933333	0.933333	0	
5	0	5	0	10	0.866667	0.0713676	0.866667	0	0.392593	6	6	6	0	6	0.457684	0.457684	0	-0.230334	-0.230334	0	2.35556	2.35556	0	
2	0	2	0	10	0.2	0.154143	0.2	0	0.2	1	1	1	0	1	-1.11173	-1.11173	0	-0.339314	-0.339314	0	0.2	0.2	0	
1	0	1	0	10	0	0	0	0	0	0	0	0	0	0	0	0	0	0	0	0	0	0	0	
3	0	3	0	10	0.711111	0.0859974	0.711111	0	0.51358	9	9	9	0	9	1.98315	1.98315	0	4.57309	4.57309	0	4.62222	4.62222	0	
6	0	6	0	10	0.888889	0.0754247	0.888889	0	0.327778	8	8	8	0	8	-0.313772	-0.313772	0	-1.14311	-1.14311	0	2.62222	2.62222	0	
3	0	3	0	10	0.511111	0.164303	0.511111	0	0.277778	2	2	2	0	2	-0.69098	-0.69098	0	-0.593814	-0.593814	0	0.555556	0.555556	0	
5	0	5	0	10	0.844444	0.0795543	0.844444	0	0.322222	4	4	4	0	4	-0.339564	-0.339564	0	-1.62852	-1.62852	0	1.28889	1.28889	0	
4	0	4	0	10	0.733333	0.119889	0.733333	0	0.35873	7	7	7	0	7	0.0628404	0.0628404	0	1.1137	1.1137	0	2.51111	2.51111	0	
6	0	6	0	10	0.777778	0.137437	0.777778	0	0.351111	10	10	10	0	10	-0.0297761	-0.0297761	0	-0.44153	-0.44153	0	3.51111	3.51111	0	
3	0	3	0	10	0.511111	0.164303	0.511111	0	0.377778	3	3	3	0	3	0.24725	0.24725	0	0.722822	0.722822	0	1.13333	1.13333	0	
2	0	2	0	10	0.355556	0.159109	0.355556	0	0.355556	1	1	1	0	1	0.014992	0.014992	0	0.4167	0.4167	0	0.355556	0.355556	0	
2	0	2	0	10	0.355556	0.159109	0.355556	0	0.355556	4	4	4	0	4	0.0224807	0.0224807	0	3.02501	3.02501	0	1.42222	1.42222	0	
5	0	5	0	10	0.844444	0.0795543	0.844444	0	0.419444	8	8	8	0	8	0.80504	0.80504	0	0.583521	0.583521	0	3.35556	3.35556	0	
6	0	6	0	10	0.888889	0.0754247	0.888889	0	0.32963	6	6	6	0	6	-0.279198	-0.279198	0	-1.86209	-1.86209	0	1.97778	1.97778	0	
3	0	3	0	10	0.6	0.130537	0.6	0	0.437037	9	9	9	0	9	1.03498	1.03498	0	3.98495	3.98495	0	3.93333	3.93333	0	
3	0	3	0	10	0.377778	0.181279	0.377778	0	0.2	2	2	2	0	2	-1.40085	-1.40085	0	-1.16394	-1.16394	0	0.4	0.4	0	
6	0	6	0	10	0.888889	0.0754247	0.888889	0	0.4	8	8	8	0	8	0.567716	0.567716	0	-0.661365	-0.661365	0	3.2	3.2	0	
3	0	3	0	10	0.511111	0.164303	0.511111	0	0.277778	2	2	2	0	2	-0.69098	-0.69098	0	-0.593814	-0.593814	0	0.555556	0.555556	0	
4	0	4	0	10	0.644444	0.151819	0.644444	0	0.333333	4	4	4	0	4	-0.218882	-0.218882	0	-0.276923	-0.276923	0	1.33333	1.33333	0	
3	0	3	0	10	0.6	0.130537	0.6	0	0.266667	4	4	4	0	4	-0.942971	-0.942971	0	0.602811	0.602811	0	1.06667	1.06667	0	
3	0	3	0	10	0.6	0.130537	0.6	0	0.45	4	4	4	0	4	1.04827	1.04827	0	1.72621	1.72621	0	1.8	1.8	0	
5	0	5	0	10	0.844444	0.0795543	0.844444	0	0.362963	6	6	6	0	6	0.110916	0.110916	0	-0.408508	-0.408508	0	2.17778	2.17778	0	
2	0	2	0	10	0.355556	0.159109	0.355556	0	0.355556	1	1	1	0	1	0.014992	0.014992	0	0.4167	0.4167	0	0.355556	0.355556	0	
4	0	4	0	10	0.533333	0.180074	0.533333	0	0.297222	8	8	8	0	8	-0.686709	-0.686709	0	0.98558	0.98558	0	2.37778	2.37778	0	
3	0	3	0	10	0.6	0.130537	0.6	0	0.333333	2	2	2	0	2	-0.183929	-0.183929	0	-0.27178	-0.27178	0	0.666667	0.666667	0	
5	0	5	0	10	0.822222	0.0969307	0.822222	0	0.303704	9	9	9	0	9	-0.61667	-0.61667	0	0.108441	0.108441	0	2.73333	2.73333	0	
3	0	3	0	10	0.644444	0.101237	0.644444	0	0.311111	3	3	3	0	3	-0.4313	-0.4313	0	0.345355	0.345355	0	0.933333	0.933333	0	
5	0	5	0	10	0.844444	0.0795543	0.844444	0	0.351111	5	5	5	0	5	-0.0269373	-0.0269373	0	-0.900701	-0.900701	0	1.75556	1.75556	0	
2	0	2	0	10	0.533333	0.0946573	0.533333	0	0.533333	2	2	2	0	2	1.64145	1.64145	0	2.33782	2.33782	0	1.06667	1.06667	0	
6	0	6	0	10	0.888889	0.0754247	0.888889	0	0.394444	8	8	8	0	8	0.49991	0.49991	0	-0.694708	-0.694708	0	3.15556	3.15556	0	
4	0	4	0	10	0.711111	0.117454	0.711111	0	0.413333	5	5	5	0	5	0.678893	0.678893	0	0.665554	0.665554	0	2.06667	2.06667	0	
2	0	2	0	10	0.355556	0.159109	0.355556	0	0.355556	1	1	1	0	1	0.014992	0.014992	0	0.4167	0.4167	0	0.355556	0.355556	0	
3	0	3	0	10	0.377778	0.181279	0.377778	0	0.2	4	4	4	0	4	-1.66706	-1.66706	0	0.0579335	0.0579335	0	0.8	0.8	0	
2	0	2	0	10	0.555556	0.0745356	0.555556	0	0.555556	1	1	1	0	1	1.46364	1.46364	0	1.09586	1.09586	0	0.555556	0.555556	0	
3	0	3	0	10	0.511111	0.164303	0.511111	0	0.32963	6	6	6	0	6	-0.279198	-0.279198	0	1.95473	1.95473	0	1.97778	1.97778	0	
1	0	1	0	10	0	0	0	0	0	0	0	0	0	0	0	0	0	0	0	0	0	0	0	
5	0	5	0	10	0.666667	0.163299	0.666667	0	0.262222	5	5	5	0	5	-1.03527	-1.03527	0	-1.58724	-1.58724	0	1.31111	1.31111	0	
4	0	4	0	10	0.711111	0.117454	0.711111	0	0.318519	3	3	3	0	3	-0.355906	-0.355906	0	-0.971216	-0.971216	0	0.955556	0.955556	0	
4	0	4	0	10	0.8	0.0888444	0.8	0	0.414815	3	3	3	0	3	0.624223	0.624223	0	-0.420993	-0.420993	0	1.24444	1.24444	0	
5	0	5	0	10	0.822222	0.0969307	0.822222	0	0.300741	15	15	15	0	15	-0.687282	-0.687282	0	1.30367	1.30367	0	4.51111	4.51111	0	
6	0	6	0	10	0.844444	0.102935	0.844444	0	0.390476	7	7	7	0	7	0.443234	0.443234	0	-1.0413	-1.0413	0	2.73333	2.73333	0	
5	0	5	0	10	0.866667	0.0713676	0.866667	0	0.386667	5	5	5	0	5	0.376394	0.376394	0	-0.679525	-0.679525	0	1.93333	1.93333	0	
4	0	4	0	10	0.711111	0.117454	0.711111	0	0.4	7	7	7	0	7	0.557352	0.557352	0	1.37646	1.37646	0	2.8	2.8	0	
5	0	5	0	10	0.844444	0.0795543	0.844444	0	0.450794	7	7	7	0	7	1.16598	1.16598	0	0.439718	0.439718	0	3.15556	3.15556	0	
3	0	3	0	10	0.511111	0.164303	0.511111	0	0.277778	2	2	2	0	2	-0.69098	-0.69098	0	-0.593814	-0.593814	0	0.555556	0.555556	0	
6	0	6	0	10	0.888889	0.0754247	0.888889	0	0.4	11	11	11	0	11	0.589222	0.589222	0	0.0878456	0.0878456	0	4.4	4.4	0	
4	0	4	0	10	0.644444	0.151819	0.644444	0	0.303704	3	3	3	0	3	-0.506695	-0.506695	0	-1.07085	-1.07085	0	0.911111	0.911111	0	
4	0	4	0	10	0.777778	0.0906765	0.777778	0	0.37037	3	3	3	0	3	0.171856	0.171856	0	-0.65694	-0.65694	0	1.11111	1.11111	0	
3	0	3	0	10	0.644444	0.101237	0.644444	0	0.377778	2	2	2	0	2	0.221711	0.221711	0	-0.0464656	-0.0464656	0	0.755556	0.755556	0	
5	0	5	0	10	0.822222	0.0969307	0.822222	0	0.438889	8	8	8	0	8	1.04236	1.04236	0	0.690592	0.690592	0	3.51111	3.51111	0	
3	0	3	0	10	0.6	0.130537	0.6	0	0.485714	7	7	7	0	7	1.58441	1.58441	0	3.49347	3.49347	0	3.4	3.4	0	
1	0	1	0	10	0	0	0	0	0	0	0	0	0	0	0	0	0	0	0	0	0	0	0	
3	0	3	0	10	0.622222	0.138307	0.622222	0	0.474074	3	3	3	0	3	1.22738	1.22738	0	1.19353	1.19353	0	1.42222	1.42222	0	
3	0	3	0	10	0.511111	0.164303	0.511111	0	0.277778	2	2	2	0	2	-0.69098	-0.69098	0	-0.593814	-0.593814	0	0.555556	0.555556	0	
4	0	4	0	10	0.711111	0.117454	0.711111	0	0.266667	4	4	4	0	4	-0.942971	-0.942971	0	-0.741892	-0.741892	0	1.06667	1.06667	0	
3	0	3	0	10	0.511111	0.164303	0.511111	0	0.277778	2	2	2	0	2	-0.69098	-0.69098	0	-0.593814	-0.593814	0	0.555556	0.555556	0	
4	0	4	0	10	0.644444	0.151819	0.644444	0	0.244444	6	6	6	0	6	-1.27616	-1.27616	0	-0.0767804	-0.0767804	0	1.46667	1.46667	0	
3	0	3	0	10	0.733333	0.0764199	0.733333	0	0.485714	7	7	7	0	7	1.58441	1.58441	0	3.49347	3.49347	0	3.4	3.4	0	
2	0	2	0	10	0.355556	0.159109	0.355556	0	0.355556	1	1	1	0	1	0.014992	0.014992	0	0.4167	0.4167	0	0.355556	0.355556	0	
5	0	5	0	10	0.822222	0.0969307	0.822222	0	0.293333	5	5	5	0	5	-0.682351	-0.682351	0	-1.31974	-1.31974	0	1.46667	1.46667	0	
3	0	3	0	10	0.511111	0.164303	0.511111	0	0.340741	3	3	3	0	3	-0.129722	-0.129722	0	0.519781	0.519781	0	1.02222	1.02222	0	
6	0	6	0	10	0.888889	0.0754247	0.888889	0	0.303704	6	6	6	0	6	-0.582621	-0.582621	0	-2.08154	-2.08154	0	1.82222	1.82222	0	
3	0	3	0	10	0.511111	0.164303	0.511111	0	0.344444	4	4	4	0	4	-0.0982008	-0.0982008	0	1.12546	1.12546	0	1.37778	1.37778	0	
4	0	4	0	10	0.8	0.0758947	0.8	0	0.414815	9	9	9	0	9	0.759707	0.759707	0	2.1256	2.1256	0	3.73333	3.73333	0	
3	0	3	0	10	0.688889	0.103837	0.688889	0	0.448148	6	6	6	0	6	1.10787	1.10787	0	2.77528	2.77528	0	2.68889	2.68889	0	
3	0	3	0	10	0.377778	0.181279	0.377778	0	0.2	2	2	2	0	2	-1.40085	-1.40085	0	-1.16394	-1.16394	0	0.4	0.4	0	
5	0	5	0	10	0.844444	0.0795543	0.844444	0	0.396825	7	7	7	0	7	0.519312	0.519312	0	0.145374	0.145374	0	2.77778	2.77778	0	
3	0	3	0	10	0.644444	0.101237	0.644444	0	0.366667	2	2	2	0	2	0.120301	0.120301	0	-0.100592	-0.100592	0	0.733333	0.733333	0	
3	0	3	0	10	0.688889	0.103837	0.688889	0	0.42963	3	3	3	0	3	0.775012	0.775012	0	0.984981	0.984981	0	1.28889	1.28889	0	
3	0	3	0	10	0.644444	0.101237	0.644444	0	0.466667	4	4	4	0	4	1.2293	1.2293	0	1.81329	1.81329	0	1.86667	1.86667	0	
4	0	4	0	10	0.644444	0.151819	0.644444	0	0.436508	14	14	14	0	14	1.07568	1.07568	0	3.65426	3.65426	0	6.11111	6.11111	0	
6	0	6	0	10	0.777778	0.137437	0.777778	0	0.392593	15	15	15	0	15	0.509572	0.509572	0	0.778086	0.778086	0	5.88889	5.88889	0	
2	0	2	0	10	0.2	0.154143	0.2	0	0.2	1	1	1	0	1	-1.11173	-1.11173	0	-0.339314	-0.339314	0	0.2	0.2	0	
3	0	3	0	10	0.511111	0.164303	0.511111	0	0.251852	6	6	6	0	6	-1.18946	-1.18946	0	1.32581	1.32581	0	1.51111	1.51111	0	
5	0	5	0	10	0.844444	0.0795543	0.844444	0	0.348889	10	10	10	0	10	-0.0576409	-0.0576409	0	0.675532	0.675532	0	3.48889	3.48889	0	
4	0	4	0	10	0.777778	0.0906765	0.777778	0	0.372222	4	4	4	0	4	0.203503	0.203503	0	-0.0450416	-0.0450416	0	1.48889	1.48889	0	
2	0	2	0	10	0.466667	0.131757	0.466667	0	0.466667	2	2	2	0	2	1.03299	1.03299	0	2.05186	2.05186	0	0.933333	0.933333	0	
4	0	4	0	10	0.533333	0.180074	0.533333	0	0.2	3	3	3	0	3	-1.56222	-1.56222	0	-1.96374	-1.96374	0	0.6	0.6	0	
3	0	3	0	10	0.6	0.130537	0.6	0	0.311111	3	3	3	0	3	-0.4313	-0.4313	0	0.345355	0.345355	0	0.933333	0.933333	0	
1	0	1	0	10	0	0	0	0	0	0	0	0	0	0	0	0	0	0	0	0	0	0	0	
4	0	4	0	10	0.644444	0.151819	0.644444	0	0.333333	5	5	5	0	5	-0.228603	-0.228603	0	0.194901	0.194901	0	1.66667	1.66667	0	
3	0	3	0	10	0.511111	0.164303	0.511111	0	0.422222	6	6	6	0	6	0.804452	0.804452	0	2.60619	2.60619	0	2.53333	2.53333	0	
2	0	2	0	10	0.2	0.154143	0.2	0	0.2	1	1	1	0	1	-1.11173	-1.11173	0	-0.339314	-0.339314	0	0.2	0.2	0	
5	0	5	0	10	0.8	0.100133	0.8	0	0.386667	5	5	5	0	5	0.376394	0.376394	0	-0.679525	-0.679525	0	1.93333	1.93333	0	
2	0	2	0	10	0.355556	0.159109	0.355556	0	0.355556	1	1	1	0	1	0.014992	0.014992	0	0.4167	0.4167	0	0.355556	0.355556	0	
1	0	1	0	10	0	0	0	0	0	0	0	0	0	0	0	0	0	0	0	0	0	0	0	
4	0	4	0	10	0.533333	0.180074	0.533333	0	0.238889	4	4	4	0	4	-1.24468	-1.24468	0	-0.971216	-0.971216	0	0.955556	0.955556	0	
6	0	6	0	10	0.777778	0.137437	0.777778	0	0.226667	10	10	10	0	10	-1.5902	-1.5902	0	-1.50808	-1.50808	0	2.26667	2.26667	0	
5	0	5	0	10	0.866667	0.0713676	0.866667	0	0.427778	4	4	4	0	4	0.806911	0.806911	0	-0.959855	-0.959855	0	1.71111	1.71111	0	
5	0	5	0	10	0.844444	0.0795543	0.844444	0	0.32381	7	7	7	0	7	-0.355592	-0.355592	0	-0.31767	-0.31767	0	2.26667	2.26667	0	
3	0	3	0	10	0.6	0.130537	0.6	0	0.444444	12	12	12	0	12	1.16224	1.16224	0	5.13463	5.13463	0	5.33333	5.33333	0	
4	0	4	0	10	0.711111	0.117454	0.711111	0	0.311111	3	3	3	0	3	-0.4313	-0.4313	0	-1.02041	-1.02041	0	0.933333	0.933333	0	
4	0	4	0	10	0.8	0.0888444	0.8	0	0.4	4	4	4	0	4	0.505207	0.505207	0	0.107641	0.107641	0	1.6	1.6	0	
5	0	5	0	10	0.8	0.100133	0.8	0	0.266667	5	5	5	0	5	-0.984849	-0.984849	0	-1.54678	-1.54678	0	1.33333	1.33333	0	
4	0	4	0	10	0.822222	0.0716163	0.822222	0	0.455556	4	4	4	0	4	1.10861	1.10861	0	0.387679	0.387679	0	1.82222	1.82222	0	
4	0	4	0	10	0.533333	0.180074	0.533333	0	0.2	4	4	4	0	4	-1.66706	-1.66706	0	-1.34464	-1.34464	0	0.8	0.8	0	
4	0	4	0	10	0.8	0.0888444	0.8	0	0.414815	3	3	3	0	3	0.624223	0.624223	0	-0.420993	-0.420993	0	1.24444	1.24444	0	
4	0	4	0	10	0.733333	0.119889	0.733333	0	0.340741	3	3	3	0	3	-0.129722	-0.129722	0	-0.83052	-0.83052	0	1.02222	1.02222	0	
6	0	6	0	10	0.844444	0.102935	0.844444	0	0.296296	6	6	6	0	6	-0.669313	-0.669313	0	-2.14876	-2.14876	0	1.77778	1.77778	0	
3	0	3	0	10	0.377778	0.181279	0.377778	0	0.2	3	3	3	0	3	-1.56222	-1.56222	0	-0.458608	-0.458608	0	0.6	0.6	0	
5	0	5	0	10	0.8	0.100133	0.8	0	0.297778	5	5	5	0	5	-0.631934	-0.631934	0	-1.28426	-1.28426	0	1.48889	1.48889	0	
4	0	4	0	10	0.711111	0.117454	0.711111	0	0.348148	6	6	6	0	6	-0.0624684	-0.0624684	0	0.689539	0.689539	0	2.08889	2.08889	0	
4	0	4	0	10	0.733333	0.119889	0.733333	0	0.303704	6	6	6	0	6	-0.582621	-0.582621	0	0.387679	0.387679	0	1.82222	1.82222	0	
6	0	6	0	10	0.888889	0.0754247	0.888889	0	0.412698	7	7	7	0	7	0.709509	0.709509	0	-0.906761	-0.906761	0	2.88889	2.88889	0	
4	0	4	0	10	0.644444	0.151819	0.644444	0	0.375556	10	10	10	0	10	0.276737	0.276737	0	2.14202	2.14202	0	3.75556	3.75556	0	
4	0	4	0	10	0.777778	0.0906765	0.777778	0	0.466667	5	5	5	0	5	1.28389	1.28389	0	0.941774	0.941774	0	2.33333	2.33333	0	
4	0	4	0	10	0.644444	0.151819	0.644444	0	0.266667	4	4	4	0	4	-0.942971	-0.942971	0	-0.741892	-0.741892	0	1.06667	1.06667	0	
2	0	2	0	10	0.533333	0.0946573	0.533333	0	0.533333	1	1	1	0	1	1.30268	1.30268	0	1.02917	1.02917	0	0.533333	0.533333	0	
3	0	3	0	10	0.733333	0.0764199	0.733333	0	0.466667	4	4	4	0	4	1.2293	1.2293	0	1.81329	1.81329	0	1.86667	1.86667	0	
5	0	5	0	10	0.822222	0.0969307	0.822222	0	0.281481	6	6	6	0	6	-0.842697	-0.842697	0	-0.990079	-0.990079	0	1.68889	1.68889	0	
3	0	3	0	10	0.644444	0.101237	0.644444	0	0.366667	2	2	2	0	2	0.120301	0.120301	0	-0.100592	-0.100592	0	0.733333	0.733333	0	
2	0	2	0	10	0.533333	0.0946573	0.533333	0	0.533333	2	2	2	0	2	1.64145	1.64145	0	2.33782	2.33782	0	1.06667	1.06667	0	
4	0	4	0	10	0.733333	0.119889	0.733333	0	0.412698	7	7	7	0	7	0.709509	0.709509	0	1.45377	1.45377	0	2.88889	2.88889	0	
4	0	4	0	10	0.711111	0.117454	0.711111	0	0.36	5	5	5	0	5	0.0738955	0.0738955	0	0.360986	0.360986	0	1.8	1.8	0	
2	0	2	0	10	0.355556	0.159109	0.355556	0	0.355556	5	5	5	0	5	0.0234791	0.0234791	0	3.63567	3.63567	0	1.77778	1.77778	0	
4	0	4	0	10	0.711111	0.117454	0.711111	0	0.311111	3	3	3	0	3	-0.4313	-0.4313	0	-1.02041	-1.02041	0	0.933333	0.933333	0	
3	0	3	0	10	0.688889	0.103837	0.688889	0	0.383333	4	4	4	0	4	0.324185	0.324185	0	1.35813	1.35813	0	1.53333	1.53333	0	
1	0	1	0	10	0	0	0	0	0	0	0	0	0	0	0	0	0	0	0	0	0	0	0	
5	0	5	0	10	0.8	0.100133	0.8	0	0.322222	4	4	4	0	4	-0.339564	-0.339564	0	-1.62852	-1.62852	0	1.28889	1.28889	0	
6	0	6	0	10	0.888889	0.0754247	0.888889	0	0.461111	20	20	20	0	20	1.43126	1.43126	0	1.91441	1.91441	0	9.22222	9.22222	0	
4	0	4	0	10	0.533333	0.180074	0.533333	0	0.2	3	3	3	0	3	-1.56222	-1.56222	0	-1.96374	-1.96374	0	0.6	0.6	0	
4	0	4	0	10	0.777778	0.0906765	0.777778	0	0.36	5	5	5	0	5	0.0738955	0.0738955	0	0.360986	0.360986	0	1.8	1.8	0	
5	0	5	0	10	0.666667	0.163299	0.666667	0	0.311111	6	6	6	0	6	-0.495928	-0.495928	0	-0.759769	-0.759769	0	1.86667	1.86667	0	
4	0	4	0	10	0.733333	0.100532	0.733333	0	0.266667	5	5	5	0	5	-0.984849	-0.984849	0	-0.276923	-0.276923	0	1.33333	1.33333	0	
3	0	3	0	10	0.6	0.130537	0.6	0	0.333333	2	2	2	0	2	-0.183929	-0.183929	0	-0.27178	-0.27178	0	0.666667	0.666667	0	
2	0	2	0	10	0.466667	0.131757	0.466667	0	0.466667	1	1	1	0	1	0.819796	0.819796	0	0.818008	0.818008	0	0.466667	0.466667	0	
5	0	5	0	10	0.822222	0.0969307	0.822222	0	0.379798	11	11	11	0	11	0.333312	0.333312	0	1.11155	1.11155	0	4.17778	4.17778	0	
5	0	5	0	10	0.822222	0.0969307	0.822222	0	0.297778	5	5	5	0	5	-0.631934	-0.631934	0	-1.28426	-1.28426	0	1.48889	1.48889	0	
3	0	3	0	10	0.733333	0.0764199	0.733333	0	0.466667	4	4	4	0	4	1.2293	1.2293	0	1.81329	1.81329	0	1.86667	1.86667	0	
3	0	3	0	10	0.6	0.130537	0.6	0	0.416667	8	8	8	0	8	0.771137	0.771137	0	3.42946	3.42946	0	3.33333	3.33333	0	
5	0	5	0	10	0.666667	0.163299	0.666667	0	0.2	4	4	4	0	4	-1.66706	-1.66706	0	-2.8472	-2.8472	0	0.8	0.8	0	
6	0	6	0	10	0.844444	0.102935	0.844444	0	0.301235	9	9	9	0	9	-0.647256	-0.647256	0	-1.06126	-1.06126	0	2.71111	2.71111	0	
2	0	2	0	10	0.355556	0.159109	0.355556	0	0.355556	1	1	1	0	1	0.014992	0.014992	0	0.4167	0.4167	0	0.355556	0.355556	0	
4	0	4	0	10	0.644444	0.151819	0.644444	0	0.231111	5	5	5	0	5	-1.38818	-1.38818	0	-0.575329	-0.575329	0	1.15556	1.15556	0	
2	0	2	0	10	0.2	0.154143	0.2	0	0.2	1	1	1	0	1	-1.11173	-1.11173	0	-0.339314	-0.339314	0	0.2	0.2	0	
3	0	3	0	10	0.688889	0.103837	0.688889	0	0.455556	4	4	4	0	4	1.10861	1.10861	0	1.75544	1.75544	0	1.82222	1.82222	0	
5	0	5	0	10	0.844444	0.0795543	0.844444	0	0.44127	7	7	7	0	7	1.05186	1.05186	0	0.390084	0.390084	0	3.08889	3.08889	0	
6	0	6	0	10	0.844444	0.102935	0.844444	0	0.365079	7	7	7	0	7	0.138919	0.138919	0	-1.20673	-1.20673	0	2.55556	2.55556	0	
4	0	4	0	10	0.644444	0.151819	0.644444	0	0.344444	4	4	4	0	4	-0.0982008	-0.0982008	0	-0.208243	-0.208243	0	1.37778	1.37778	0	
3	0	3	0	10	0.511111	0.164303	0.511111	0	0.438889	4	4	4	0	4	0.927592	0.927592	0	1.66715	1.66715	0	1.75556	1.75556	0	
5	0	5	0	10	0.822222	0.0969307	0.822222	0	0.461111	8	8	8	0	8	1.31359	1.31359	0	0.808434	0.808434	0	3.68889	3.68889	0	
3	0	3	0	10	0.6	0.130537	0.6	0	0.413333	5	5	5	0	5	0.678893	0.678893	0	2.06482	2.06482	0	2.06667	2.06667	0	
5	0	5	0	10	0.8	0.100133	0.8	0	0.342222	5	5	5	0	5	-0.12777	-0.12777	0	-0.959855	-0.959855	0	1.71111	1.71111	0	
4	0	4	0	10	0.8	0.0758947	0.8	0	0.458333	8	8	8	0	8	1.27969	1.27969	0	2.07599	2.07599	0	3.66667	3.66667	0	
3	0	3	0	10	0.688889	0.103837	0.688889	0	0.455556	4	4	4	0	4	1.10861	1.10861	0	1.75544	1.75544	0	1.82222	1.82222	0	
5	0	5	0	10	0.866667	0.0713676	0.866667	0	0.364444	5	5	5	0	5	0.124312	0.124312	0	-0.815009	-0.815009	0	1.82222	1.82222	0	
5	0	5	0	10	0.866667	0.0713676	0.866667	0	0.440936	19	19	19	0	19	1.15915	1.15915	0	3.05989	3.05989	0	8.37778	8.37778	0	
6	0	6	0	10	0.844444	0.102935	0.844444	0	0.412121	11	11	11	0	11	0.742768	0.742768	0	0.157819	0.157819	0	4.53333	4.53333	0	
3	0	3	0	10	0.711111	0.0859974	0.711111	0	0.533333	3	3	3	0	3	1.83053	1.83053	0	1.45344	1.45344	0	1.6	1.6	0	
5	0	5	0	10	0.666667	0.163299	0.666667	0	0.266667	4	4	4	0	4	-0.942971	-0.942971	0	-2.09575	-2.09575	0	1.06667	1.06667	0	
5	0	5	0	10	0.822222	0.0969307	0.822222	0	0.246667	10	10	10	0	10	-1.33942	-1.33942	0	-0.125609	-0.125609	0	2.46667	2.46667	0	
4	0	4	0	10	0.777778	0.0906765	0.777778	0	0.284444	5	5	5	0	5	-0.783184	-0.783184	0	-0.141577	-0.141577	0	1.42222	1.42222	0	
4	0	4	0	10	0.711111	0.117454	0.711111	0	0.390476	7	7	7	0	7	0.443234	0.443234	0	1.31745	1.31745	0	2.73333	2.73333	0	
4	0	4	0	10	0.711111	0.117454	0.711111	0	0.385185	9	9	9	0	9	0.392673	0.392673	0	1.92403	1.92403	0	3.46667	3.46667	0	
5	0	5	0	10	0.666667	0.163299	0.666667	0	0.297778	5	5	5	0	5	-0.631934	-0.631934	0	-1.28426	-1.28426	0	1.48889	1.48889	0	
4	0	4	0	10	0.533333	0.180074	0.533333	0	0.225926	6	6	6	0	6	-1.49289	-1.49289	0	-0.242321	-0.242321	0	1.35556	1.35556	0	
2	0	2	0	10	0.2	0.154143	0.2	0	0.2	1	1	1	0	1	-1.11173	-1.11173	0	-0.339314	-0.339314	0	0.2	0.2	0	
3	0	3	0	10	0.6	0.130537	0.6	0	0.488889	9	9	9	0	9	1.67729	1.67729	0	4.38853	4.38853	0	4.4	4.4	0	
4	0	4	0	10	0.533333	0.180074	0.533333	0	0.2	3	3	3	0	3	-1.56222	-1.56222	0	-1.96374	-1.96374	0	0.6	0.6	0	
5	0	5	0	10	0.755556	0.129546	0.755556	0	0.35	4	4	4	0	4	-0.03786	-0.03786	0	-1.43006	-1.43006	0	1.4	1.4	0	
4	0	4	0	10	0.733333	0.100532	0.733333	0	0.366667	4	4	4	0	4	0.143162	0.143162	0	-0.0767804	-0.0767804	0	1.46667	1.46667	0	
4	0	4	0	10	0.777778	0.0906765	0.777778	0	0.373333	5	5	5	0	5	0.225145	0.225145	0	0.44029	0.44029	0	1.86667	1.86667	0	
5	0	5	0	10	0.866667	0.0713676	0.866667	0	0.368254	7	7	7	0	7	0.176958	0.176958	0	-0.0253316	-0.0253316	0	2.57778	2.57778	0	
2	0	2	0	10	0.533333	0.0946573	0.533333	0	0.533333	11	11	11	0	11	2.27823	2.27823	0	8.4014	8.4014	0	5.86667	5.86667	0	
4	0	4	0	10	0.822222	0.0716163	0.822222	0	0.51358	9	9	9	0	9	1.98315	1.98315	0	2.74531	2.74531	0	4.62222	4.62222	0	
5	0	5	0	10	0.666667	0.163299	0.666667	0	0.225926	6	6	6	0	6	-1.49289	-1.49289	0	-1.50712	-1.50712	0	1.35556	1.35556	0	
5	0	5	0	10	0.755556	0.129546	0.755556	0	0.4	5	5	5	0	5	0.527643	0.527643	0	-0.602192	-0.602192	0	2	2	0	
3	0	3	0	10	0.644444	0.101237	0.644444	0	0.311111	3	3	3	0	3	-0.4313	-0.4313	0	0.345355	0.345355	0	0.933333	0.933333	0	
3	0	3	0	10	0.644444	0.101237	0.644444	0	0.377778	2	2	2	0	2	0.221711	0.221711	0	-0.0464656	-0.0464656	0	0.755556	0.755556	0	
6	0	6	0	10	0.777778	0.137437	0.777778	0	0.253333	5	5	5	0	5	-1.1361	-1.1361	0	-3.12749	-3.12749	0	1.26667	1.26667	0	
3	0	3	0	10	0.688889	0.103837	0.688889	0	0.522222	6	6	6	0	6	1.97479	1.97479	0	3.2336	3.2336	0	3.13333	3.13333	0	
5	0	5	0	10	0.755556	0.129546	0.755556	0	0.348148	9	9	9	0	9	-0.0661191	-0.0661191	0	0.423273	0.423273	0	3.13333	3.13333	0	
4	0	4	0	10	0.8	0.0888444	0.8	0	0.355556	9	9	9	0	9	0.0256393	0.0256393	0	1.71332	1.71332	0	3.2	3.2	0	
5	0	5	0	10	0.666667	0.163299	0.666667	0	0.281481	9	9	9	0	9	-0.891946	-0.891946	0	-0.0649397	-0.0649397	0	2.53333	2.53333	0	
2	0	2	0	10	0.355556	0.159109	0.355556	0	0.355556	1	1	1	0	1	0.014992	0.014992	0	0.4167	0.4167	0	0.355556	0.355556	0	
4	0	4	0	10	0.733333	0.119889	0.733333	0	0.251852	6	6	6	0	6	-1.18946	-1.18946	0	-0.013722	-0.013722	0	1.51111	1.51111	0	
3	0	3	0	10	0.377778	0.181279	0.377778	0	0.2	3	3	3	0	3	-1.56222	-1.56222	0	-0.458608	-0.458608	0	0.6	0.6	0	
7	0	7	0	10	0.911111	0.0773448	0.911111	0	0.246032	14	14	14	0	14	-1.39223	-1.39223	0	-1.67394	-1.67394	0	3.44444	3.44444	0	
5	0	5	0	10	0.8	0.100133	0.8	0	0.352381	7	7	7	0	7	-0.0132383	-0.0132383	0	-0.125609	-0.125609	0	2.46667	2.46667	0	
5	0	5	0	10	0.866667	0.0713676	0.866667	0	0.391111	10	10	10	0	10	0.47179	0.47179	0	0.94972	0.94972	0	3.91111	3.91111	0	
1	0	1	0	10	0	0	0	0	0	0	0	0	0	0	0	0	0	0	0	0	0	0	0	
2	0	2	0	10	0.355556	0.159109	0.355556	0	0.355556	4	4	4	0	4	0.0224807	0.0224807	0	3.02501	3.02501	0	1.42222	1.42222	0	
4	0	4	0	10	0.733333	0.100532	0.733333	0	0.36	5	5	5	0	5	0.0738955	0.0738955	0	0.360986	0.360986	0	1.8	1.8	0	
1	0	1	0	10	0	0	0	0	0	0	0	0	0	0	0	0	0	0	0	0	0	0	0	
4	0	4	0	10	0.733333	0.119889	0.733333	0	0.324444	5	5	5	0	5	-0.329436	-0.329436	0	0.137067	0.137067	0	1.62222	1.62222	0	
5	0	5	0	10	0.844444	0.0795543	0.844444	0	0.296296	6	6	6	0	6	-0.669313	-0.669313	0	-0.871744	-0.871744	0	1.77778	1.77778	0	
3	0	3	0	10	0.511111	0.164303	0.511111	0	0.338272	9	9	9	0	9	-0.188464	-0.188464	0	3.14461	3.14461	0	3.04444	3.04444	0	
6	0	6	0	10	0.844444	0.102935	0.844444	0	0.433333	18	18	18	0	18	1.05457	1.05457	0	1.47492	1.47492	0	7.8	7.8	0	
2	0	2	0	10	0.355556	0.159109	0.355556	0	0.355556	3	3	3	0	3	0.0210669	0.0210669	0	2.33782	2.33782	0	1.06667	1.06667	0	
3	0	3	0	10	0.6	0.130537	0.6	0	0.377778	3	3	3	0	3	0.24725	0.24725	0	0.722822	0.722822	0	1.13333	1.13333	0	
5	0	5	0	10	0.822222	0.0969307	0.822222	0	0.374074	12	12	12	0	12	0.26307	0.26307	0	1.29118	1.29118	0	4.48889	4.48889	0	
7	0	7	0	10	0.911111	0.0773448	0.911111	0	0.396296	6	6	6	0	6	0.50103	0.50103	0	-2.72754	-2.72754	0	2.37778	2.37778	0	
5	0	5	0	10	0.844444	0.0795543	0.844444	0	0.36	5	5	5	0	5	0.0738955	0.0738955	0	-0.843184	-0.843184	0	1.8	1.8	0	
5	0	5	0	10	0.666667	0.163299	0.666667	0	0.266667	4	4	4	0	4	-0.942971	-0.942971	0	-2.09575	-2.09575	0	1.06667	1.06667	0	
4	0	4	0	10	0.533333	0.180074	0.533333	0	0.2	5	5	5	0	5	-1.7411	-1.7411	0	-0.876332	-0.876332	0	1	1	0	
3	0	3	0	10	0.644444	0.101237	0.644444	0	0.255556	6	6	6	0	6	-1.14612	-1.14612	0	1.35813	1.35813	0	1.53333	1.53333	0	
3	0	3	0	10	0.711111	0.0859974	0.711111	0	0.533333	2	2	2	0	2	1.64145	1.64145	0	0.602811	0.602811	0	1.06667	1.06667	0	
5	0	5	0	10	0.8	0.100133	0.8	0	0.272727	11	11	11	0	11	-1.02301	-1.02301	0	0.322457	0.322457	0	3	3	0	
2	0	2	0	10	0.2	0.154143	0.2	0	0.2	1	1	1	0	1	-1.11173	-1.11173	0	-0.339314	-0.339314	0	0.2	0.2	0	
4	0	4	0	10	0.777778	0.0906765	0.777778	0	0.395556	5	5	5	0	5	0.477227	0.477227	0	0.567615	0.567615	0	1.97778	1.97778	0	
4	0	4	0	10	0.733333	0.119889	0.733333	0	0.444444	7	7	7	0	7	1.0899	1.0899	0	1.64079	1.64079	0	3.11111	3.11111	0	
3	0	3	0	10	0.511111	0.164303	0.511111	0	0.377778	3	3	3	0	3	0.24725	0.24725	0	0.722822	0.722822	0	1.13333	1.13333	0	
2	0	2	0	10	0.2	0.154143	0.2	0	0.2	1	1	1	0	1	-1.11173	-1.11173	0	-0.339314	-0.339314	0	0.2	0.2	0	
3	0	3	0	10	0.6	0.130537	0.6	0	0.386667	5	5	5	0	5	0.376394	0.376394	0	1.89868	1.89868	0	1.93333	1.93333	0	
3	0	3	0	10	0.511111	0.164303	0.511111	0	0.277778	2	2	2	0	2	-0.69098	-0.69098	0	-0.593814	-0.593814	0	0.555556	0.555556	0	
3	0	3	0	10	0.511111	0.164303	0.511111	0	0.277778	2	2	2	0	2	-0.69098	-0.69098	0	-0.593814	-0.593814	0	0.555556	0.555556	0	
2	0	2	0	10	0.533333	0.0946573	0.533333	0	0.533333	1	1	1	0	1	1.30268	1.30268	0	1.02917	1.02917	0	0.533333	0.533333	0	
3	0	3	0	10	0.6	0.130537	0.6	0	0.377778	3	3	3	0	3	0.24725	0.24725	0	0.722822	0.722822	0	1.13333	1.13333	0	
7	0	7	0	10	0.933333	0.0619677	0.933333	0	0.360494	9	9	9	0	9	0.0868117	0.0868117	0	-1.83445	-1.83445	0	3.24444	3.24444	0	
4	0	4	0	10	0.777778	0.0906765	0.777778	0	0.484444	5	5	5	0	5	1.48556	1.48556	0	1.02882	1.02882	0	2.42222	2.42222	0	
3	0	3	0	10	0.644444	0.101237	0.644444	0	0.311111	3	3	3	0	3	-0.4313	-0.4313	0	0.345355	0.345355	0	0.933333	0.933333	0	
3	0	3	0	10	0.511111	0.164303	0.511111	0	0.303704	3	3	3	0	3	-0.506695	-0.506695	0	0.299793	0.299793	0	0.911111	0.911111	0	
5	0	5	0	10	0.866667	0.0713676	0.866667	0	0.384615	13	13	13	0	13	0.400733	0.400733	0	1.56845	1.56845	0	5	5	0	
7	0	7	0	10	0.911111	0.0773448	0.911111	0	0.355556	10	10	10	0	10	0.0259535	0.0259535	0	-1.59006	-1.59006	0	3.55556	3.55556	0	
5	0	5	0	10	0.8	0.100133	0.8	0	0.391667	8	8	8	0	8	0.466006	0.466006	0	0.423273	0.423273	0	3.13333	3.13333	0	
4	0	4	0	10	0.533333	0.180074	0.533333	0	0.2	3	3	3	0	3	-1.56222	-1.56222	0	-1.96374	-1.96374	0	0.6	0.6	0	
3	0	3	0	10	0.511111	0.164303	0.511111	0	0.288889	3	3	3	0	3	-0.657484	-0.657484	0	0.206017	0.206017	0	0.866667	0.866667	0	
3	0	3	0	10	0.511111	0.164303	0.511111	0	0.333333	2	2	2	0	2	-0.183929	-0.183929	0	-0.27178	-0.27178	0	0.666667	0.666667	0	
3	0	3	0	10	0.377778	0.181279	0.377778	0	0.251852	3	3	3	0	3	-1.03446	-1.03446	0	-0.0464656	-0.0464656	0	0.755556	0.755556	0	
4	0	4	0	10	0.777778	0.0906765	0.777778	0	0.418519	6	6	6	0	6	0.761106	0.761106	0	1.1137	1.1137	0	2.51111	2.51111	0	
5	0	5	0	10	0.822222	0.0969307	0.822222	0	0.338462	13	13	13	0	13	-0.193408	-0.193408	0	1.24078	1.24078	0	4.4	4.4	0	
4	0	4	0	10	0.533333	0.180074	0.533333	0	0.2	3	3	3	0	3	-1.56222	-1.56222	0	-1.96374	-1.96374	0	0.6	0.6	0	
4	0	4	0	10	0.533333	0.180074	0.533333	0	0.2	7	7	7	0	7	-1.83913	-1.83913	0	-0.174668	-0.174668	0	1.4	1.4	0	
1	0	1	0	10	0	0	0	0	0	0	0	0	0	0	0	0	0	0	0	0	0	0	0	
4	0	4	0	10	0.533333	0.180074	0.533333	0	0.2	5	5	5	0	5	-1.7411	-1.7411	0	-0.876332	-0.876332	0	1	1	0	
3	0	3	0	10	0.6	0.130537	0.6	0	0.333333	2	2	2	0	2	-0.183929	-0.183929	0	-0.27178	-0.27178	0	0.666667	0.666667	0	
4	0	4	0	10	0.711111	0.117454	0.711111	0	0.340741	3	3	3	0	3	-0.129722	-0.129722	0	-0.83052	-0.83052	0	1.02222	1.02222	0	
4	0	4	0	10	0.733333	0.100532	0.733333	0	0.4	5	5	5	0	5	0.527643	0.527643	0	0.592409	0.592409	0	2	2	0	
3	0	3	0	10	0.6	0.130537	0.6	0	0.333333	2	2	2	0	2	-0.183929	-0.183929	0	-0.27178	-0.27178	0	0.666667	0.666667	0	
3	0	3	0	10	0.6	0.130537	0.6	0	0.366667	2	2	2	0	2	0.120301	0.120301	0	-0.100592	-0.100592	0	0.733333	0.733333	0	
4	0	4	0	10	0.711111	0.117454	0.711111	0	0.366667	4	4	4	0	4	0.143162	0.143162	0	-0.0767804	-0.0767804	0	1.46667	1.46667	0	
4	0	4	0	10	0.711111	0.117454	0.711111	0	0.255556	6	6	6	0	6	-1.14612	-1.14612	0	0.0171927	0.0171927	0	1.53333	1.53333	0	
3	0	3	0	10	0.688889	0.103837	0.688889	0	0.496296	3	3	3	0	3	1.45356	1.45356	0	1.29319	1.29319	0	1.48889	1.48889	0	
6	0	6	0	10	0.888889	0.0754247	0.888889	0	0.242593	12	12	12	0	12	-1.41695	-1.41695	0	-0.888239	-0.888239	0	2.91111	2.91111	0	
4	0	4	0	10	0.533333	0.180074	0.533333	0	0.238889	8	8	8	0	8	-1.39868	-1.39868	0	0.491914	0.491914	0	1.91111	1.91111	0	
5	0	5	0	10	0.822222	0.0969307	0.822222	0	0.239316	13	13	13	0	13	-1.46971	-1.46971	0	0.406729	0.406729	0	3.11111	3.11111	0	
5	0	5	0	10	0.822222	0.0969307	0.822222	0	0.315556	5	5	5	0	5	-0.430269	-0.430269	0	-1.14825	-1.14825	0	1.57778	1.57778	0	
6	0	6	0	10	0.844444	0.102935	0.844444	0	0.380556	8	8	8	0	8	0.330393	0.330393	0	-0.780457	-0.780457	0	3.04444	3.04444	0	
4	0	4	0	10	0.733333	0.100532	0.733333	0	0.377778	4	4	4	0	4	0.263844	0.263844	0	-0.013722	-0.013722	0	1.51111	1.51111	0	
3	0	3	0	10	0.511111	0.164303	0.511111	0	0.251852	3	3	3	0	3	-1.03446	-1.03446	0	-0.0464656	-0.0464656	0	0.755556	0.755556	0	
4	0	4	0	10	0.777778	0.0906765	0.777778	0	0.391111	5	5	5	0	5	0.426811	0.426811	0	0.542604	0.542604	0	1.95556	1.95556	0	
3	0	3	0	10	0.511111	0.164303	0.511111	0	0.333333	7	7	7	0	7	-0.241474	-0.241474	0	2.38099	2.38099	0	2.33333	2.33333	0	
2	0	2	0	10	0.2	0.154143	0.2	0	0.2	1	1	1	0	1	-1.11173	-1.11173	0	-0.339314	-0.339314	0	0.2	0.2	0	
4	0	4	0	10	0.644444	0.151819	0.644444	0	0.222222	7	7	7	0	7	-1.57285	-1.57285	0	0.0477161	0.0477161	0	1.55556	1.55556	0	
2	0	2	0	10	0.533333	0.0946573	0.533333	0	0.533333	1	1	1	0	1	1.30268	1.30268	0	1.02917	1.02917	0	0.533333	0.533333	0	
2	0	2	0	10	0.355556	0.159109	0.355556	0	0.355556	1	1	1	0	1	0.014992	0.014992	0	0.4167	0.4167	0	0.355556	0.355556	0	
5	0	5	0	10	0.822222	0.0969307	0.822222	0	0.325926	6	6	6	0	6	-0.322544	-0.322544	0	-0.653436	-0.653436	0	1.95556	1.95556	0	
5	0	5	0	10	0.755556	0.129546	0.755556	0	0.242222	10	10	10	0	10	-1.39515	-1.39515	0	-0.166937	-0.166937	0	2.42222	2.42222	0	
5	0	5	0	10	0.8	0.100133	0.8	0	0.268889	10	10	10	0	10	-1.06077	-1.06077	0	0.0709544	0.0709544	0	2.68889	2.68889	0	
4	0	4	0	10	0.711111	0.117454	0.711111	0	0.4	3	3	3	0	3	0.473434	0.473434	0	-0.496767	-0.496767	0	1.2	1.2	0	
4	0	4	0	10	0.733333	0.119889	0.733333	0	0.320635	7	7	7	0	7	-0.393632	-0.393632	0	0.852364	0.852364	0	2.24444	2.24444	0	
6	0	6	0	10	0.844444	0.102935	0.844444	0	0.357265	13	13	13	0	13	0.0486498	0.0486498	0	0.214638	0.214638	0	4.64444	4.64444	0	
5	0	5	0	10	0.866667	0.0713676	0.866667	0	0.359259	6	6	6	0	6	0.0675697	0.0675697	0	-0.431806	-0.431806	0	2.15556	2.15556	0	
4	0	4	0	10	0.644444	0.151819	0.644444	0	0.238889	4	4	4	0	4	-1.24468	-1.24468	0	-0.971216	-0.971216	0	0.955556	0.955556	0	
5	0	5	0	10	0.8	0.100133	0.8	0	0.375	8	8	8	0	8	0.262586	0.262586	0	0.322457	0.322457	0	3	3	0	
3	0	3	0	10	0.377778	0.181279	0.377778	0	0.2	3	3	3	0	3	-1.56222	-1.56222	0	-0.458608	-0.458608	0	0.6	0.6	0	
5	0	5	0	10	0.822222	0.0969307	0.822222	0	0.346667	5	5	5	0	5	-0.0773538	-0.0773538	0	-0.930067	-0.930067	0	1.73333	1.73333	0	
4	0	4	0	10	0.533333	0.180074	0.533333	0	0.2	5	5	5	0	5	-1.7411	-1.7411	0	-0.876332	-0.876332	0	1	1	0	
5	0	5	0	10	0.844444	0.0795543	0.844444	0	0.322222	4	4	4	0	4	-0.339564	-0.339564	0	-1.62852	-1.62852	0	1.28889	1.28889	0	
4	0	4	0	10	0.533333	0.180074	0.533333	0	0.2	13	13	13	0	13	-1.97583	-1.97583	0	1.19657	1.19657	0	2.6	2.6	0	
5	0	5	0	10	0.755556	0.129546	0.755556	0	0.355556	4	4	4	0	4	0.0224807	0.0224807	0	-1.39262	-1.39262	0	1.42222	1.42222	0	
5	0	5	0	10	0.822222	0.0969307	0.822222	0	0.402778	8	8	8	0	8	0.60162	0.60162	0	0.488475	0.488475	0	3.22222	3.22222	0	
4	0	4	0	10	0.644444	0.151819	0.644444	0	0.362963	3	3	3	0	3	0.0964614	0.0964614	0	-0.698978	-0.698978	0	1.08889	1.08889	0	
5	0	5	0	10	0.8	0.100133	0.8	0	0.253333	5	5	5	0	5	-1.1361	-1.1361	0	-1.67067	-1.67067	0	1.26667	1.26667	0	
2	0	2	0	10	0.2	0.154143	0.2	0	0.2	1	1	1	0	1	-1.11173	-1.11173	0	-0.339314	-0.339314	0	0.2	0.2	0	
3	0	3	0	10	0.6	0.130537	0.6	0	0.377778	3	3	3	0	3	0.24725	0.24725	0	0.722822	0.722822	0	1.13333	1.13333	0	
6	0	6	0	10	0.888889	0.0754247	0.888889	0	0.368254	7	7	7	0	7	0.176958	0.176958	0	-1.1853	-1.1853	0	2.57778	2.57778	0	
3	0	3	0	10	0.6	0.130537	0.6	0	0.477778	6	6	6	0	6	1.45464	1.45464	0	2.96274	2.96274	0	2.86667	2.86667	0	
3	0	3	0	10	0.377778	0.181279	0.377778	0	0.2	2	2	2	0	2	-1.40085	-1.40085	0	-1.16394	-1.16394	0	0.4	0.4	0	
2	0	2	0	10	0.466667	0.131757	0.466667	0	0.466667	5	5	5	0	5	1.28389	1.28389	0	4.4865	4.4865	0	2.33333	2.33333	0	
4	0	4	0	10	0.711111	0.117454	0.711111	0	0.372222	4	4	4	0	4	0.203503	0.203503	0	-0.0450416	-0.0450416	0	1.48889	1.48889	0	
4	0	4	0	10	0.533333	0.180074	0.533333	0	0.2	8	8	8	0	8	-1.87333	-1.87333	0	0.107641	0.107641	0	1.6	1.6	0	
9	0	9	0	10	0.977778	0.0539959	0.977778	0	0.336752	13	13	13	0	13	-0.215413	-0.215413	0	-4.0492	-4.0492	0	4.37778	4.37778	0	
1	0	1	0	10	0	0	0	0	0	0	0	0	0	0	0	0	0	0	0	0	0	0	0	
2	0	2	0	10	0.2	0.154143	0.2	0	0.2	1	1	1	0	1	-1.11173	-1.11173	0	-0.339314	-0.339314	0	0.2	0.2	0	
5	0	5	0	10	0.844444	0.0795543	0.844444	0	0.28254	7	7	7	0	7	-0.850104	-0.850104	0	-0.627661	-0.627661	0	1.97778	1.97778	0	
6	0	6	0	10	0.866667	0.0850098	0.866667	0	0.362222	10	10	10	0	10	0.109548	0.109548	0	-0.368142	-0.368142	0	3.62222	3.62222	0	
4	0	4	0	10	0.733333	0.100532	0.733333	0	0.318519	3	3	3	0	3	-0.355906	-0.355906	0	-0.971216	-0.971216	0	0.955556	0.955556	0	
4	0	4	0	10	0.533333	0.180074	0.533333	0	0.2	3	3	3	0	3	-1.56222	-1.56222	0	-1.96374	-1.96374	0	0.6	0.6	0	
1	0	1	0	10	0	0	0	0	0	0	0	0	0	0	0	0	0	0	0	0	0	0	0	
6	0	6	0	10	0.888889	0.0754247	0.888889	0	0.282222	10	10	10	0	10	-0.893585	-0.893585	0	-0.963344	-0.963344	0	2.82222	2.82222	0	
5	0	5	0	10	0.666667	0.163299	0.666667	0	0.238889	4	4	4	0	4	-1.24468	-1.24468	0	-2.37682	-2.37682	0	0.955556	0.955556	0	
4	0	4	0	10	0.777778	0.0906765	0.777778	0	0.481481	6	6	6	0	6	1.49799	1.49799	0	1.45377	1.45377	0	2.88889	2.88889	0	
7	0	7	0	10	0.911111	0.0773448	0.911111	0	0.341667	8	8	8	0	8	-0.144255	-0.144255	0	-2.31399	-2.31399	0	2.73333	2.73333	0	
4	0	4	0	10	0.711111	0.117454	0.711111	0	0.390476	7	7	7	0	7	0.443234	0.443234	0	1.31745	1.31745	0	2.73333	2.73333	0	
6	0	6	0	10	0.911111	0.0620394	0.911111	0	0.266667	7	7	7	0	7	-1.0403	-1.0403	0	-2.01642	-2.01642	0	1.86667	1.86667	0	
4	0	4	0	10	0.733333	0.100532	0.733333	0	0.366667	4	4	4	0	4	0.143162	0.143162	0	-0.0767804	-0.0767804	0	1.46667	1.46667	0	
5	0	5	0	10	0.755556	0.129546	0.755556	0	0.297778	5	5	5	0	5	-0.631934	-0.631934	0	-1.28426	-1.28426	0	1.48889	1.48889	0	
4	0	4	0	10	0.777778	0.0906765	0.777778	0	0.433333	4	4	4	0	4	0.867251	0.867251	0	0.279264	0.279264	0	1.73333	1.73333	0	
3	0	3	0	10	0.511111	0.164303	0.511111	0	0.231111	5	5	5	0	5	-1.38818	-1.38818	0	0.761719	0.761719	0	1.15556	1.15556	0	
2	0	2	0	10	0.2	0.154143	0.2	0	0.2	1	1	1	0	1	-1.11173	-1.11173	0	-0.339314	-0.339314	0	0.2	0.2	0	
1	0	1	0	10	0	0	0	0	0	0	0	0	0	0	0	0	0	0	0	0	0	0	0	
4	0	4	0	10	0.644444	0.151819	0.644444	0	0.364444	5	5	5	0	5	0.124312	0.124312	0	0.387679	0.387679	0	1.82222	1.82222	0	
7	0	7	0	10	0.933333	0.0619677	0.933333	0	0.298765	9	9	9	0	9	-0.677842	-0.677842	0	-2.36149	-2.36149	0	2.68889	2.68889	0	
4	0	4	0	10	0.644444	0.151819	0.644444	0	0.277778	4	4	4	0	4	-0.82229	-0.82229	0	-0.65694	-0.65694	0	1.11111	1.11111	0	
3	0	3	0	10	0.733333	0.0764199	0.733333	0	0.483333	4	4	4	0	4	1.41032	1.41032	0	1.89868	1.89868	0	1.93333	1.93333	0	
2	0	2	0	10	0.2	0.154143	0.2	0	0.2	1	1	1	0	1	-1.11173	-1.11173	0	-0.339314	-0.339314	0	0.2	0.2	0	
3	0	3	0	10	0.377778	0.181279	0.377778	0	0.2	6	6	6	0	6	-1.79631	-1.79631	0	0.83799	0.83799	0	1.2	1.2	0	
6	0	6	0	10	0.844444	0.102935	0.844444	0	0.325926	6	6	6	0	6	-0.322544	-0.322544	0	-1.89204	-1.89204	0	1.95556	1.95556	0	
5	0	5	0	10	0.822222	0.0969307	0.822222	0	0.461111	8	8	8	0	8	1.31359	1.31359	0	0.808434	0.808434	0	3.68889	3.68889	0	
5	0	5	0	10	0.844444	0.0795543	0.844444	0	0.35	8	8	8	0	8	-0.0425445	-0.0425445	0	0.163641	0.163641	0	2.8	2.8	0	
1	0	1	0	10	0	0	0	0	0	0	0	0	0	0	0	0	0	0	0	0	0	0	0	
5	0	5	0	10	0.866667	0.0713676	0.866667	0	0.469444	8	8	8	0	8	1.4153	1.4153	0	0.851486	0.851486	0	3.75556	3.75556	0	
5	0	5	0	10	0.866667	0.0713676	0.866667	0	0.388889	6	6	6	0	6	0.414338	0.414338	0	-0.251857	-0.251857	0	2.33333	2.33333	0	
3	0	3	0	10	0.622222	0.138307	0.622222	0	0.355556	3	3	3	0	3	0.0210669	0.0210669	0	0.602811	0.602811	0	1.06667	1.06667	0	
4	0	4	0	10	0.777778	0.0906765	0.777778	0	0.459259	6	6	6	0	6	1.23791	1.23791	0	1.33722	1.33722	0	2.75556	2.75556	0	
6	0	6	0	10	0.866667	0.0850098	0.866667	0	0.266667	9	9	9	0	9	-1.07546	-1.07546	0	-1.36341	-1.36341	0	2.4	2.4	0	
5	0	5	0	10	0.822222	0.0969307	0.822222	0	0.262222	5	5	5	0	5	-1.03527	-1.03527	0	-1.58724	-1.58724	0	1.31111	1.31111	0	
2	0	2	0	10	0.2	0.154143	0.2	0	0.2	1	1	1	0	1	-1.11173	-1.11173	0	-0.339314	-0.339314	0	0.2	0.2	0	
7	0	7	0	10	0.911111	0.0773448	0.911111	0	0.343434	11	11	11	0	11	-0.127327	-0.127327	0	-1.43227	-1.43227	0	3.77778	3.77778	0	
4	0	4	0	10	0.711111	0.117454	0.711111	0	0.288889	3	3	3	0	3	-0.657484	-0.657484	0	-1.1758	-1.1758	0	0.866667	0.866667	0	
5	0	5	0	10	0.844444	0.0795543	0.844444	0	0.35	4	4	4	0	4	-0.03786	-0.03786	0	-1.43006	-1.43006	0	1.4	1.4	0	
3	0	3	0	10	0.644444	0.101237	0.644444	0	0.366667	2	2	2	0	2	0.120301	0.120301	0	-0.100592	-0.100592	0	0.733333	0.733333	0	
3	0	3	0	10	0.511111	0.164303	0.511111	0	0.277778	2	2	2	0	2	-0.69098	-0.69098	0	-0.593814	-0.593814	0	0.555556	0.555556	0	
6	0	6	0	10	0.844444	0.102935	0.844444	0	0.244444	6	6	6	0	6	-1.27616	-1.27616	0	-2.6909	-2.6909	0	1.46667	1.46667	0	
3	0	3	0	10	0.733333	0.0764199	0.733333	0	0.47619	7	7	7	0	7	1.4703	1.4703	0	3.42946	3.42946	0	3.33333	3.33333	0	
2	0	2	0	10	0.466667	0.131757	0.466667	0	0.466667	1	1	1	0	1	0.819796	0.819796	0	0.818008	0.818008	0	0.466667	0.466667	0	
4	0	4	0	10	0.733333	0.119889	0.733333	0	0.418803	13	13	13	0	13	0.840838	0.840838	0	3.26375	3.26375	0	5.44444	5.44444	0	
2	0	2	0	10	0.533333	0.0946573	0.533333	0	0.533333	1	1	1	0	1	1.30268	1.30268	0	1.02917	1.02917	0	0.533333	0.533333	0	
5	0	5	0	10	0.755556	0.129546	0.755556	0	0.47619	14	14	14	0	14	1.58983	1.58983	0	2.36219	2.36219	0	6.66667	6.66667	0	
3	0	3	0	10	0.644444	0.101237	0.644444	0	0.504762	7	7	7	0	7	1.81265	1.81265	0	3.61969	3.61969	0	3.53333	3.53333	0	
4	0	4	0	10	0.644444	0.151819	0.644444	0	0.311111	3	3	3	0	3	-0.4313	-0.4313	0	-1.02041	-1.02041	0	0.933333	0.933333	0	
3	0	3	0	10	0.511111	0.164303	0.511111	0	0.222222	7	7	7	0	7	-1.57285	-1.57285	0	1.39017	1.39017	0	1.55556	1.55556	0	
7	0	7	0	10	0.911111	0.0773448	0.911111	0	0.294444	8	8	8	0	8	-0.720612	-0.720612	0	-2.75623	-2.75623	0	2.35556	2.35556	0	
3	0	3	0	10	0.622222	0.138307	0.622222	0	0.414815	3	3	3	0	3	0.624223	0.624223	0	0.912362	0.912362	0	1.24444	1.24444	0	
5	0	5	0	10	0.822222	0.0969307	0.822222	0	0.344444	4	4	4	0	4	-0.0982008	-0.0982008	0	-1.46822	-1.46822	0	1.37778	1.37778	0	
5	0	5	0	10	0.822222	0.0969307	0.822222	0	0.359596	11	11	11	0	11	0.0774013	0.0774013	0	0.977245	0.977245	0	3.95556	3.95556	0	
3	0	3	0	10	0.644444	0.101237	0.644444	0	0.366667	2	2	2	0	2	0.120301	0.120301	0	-0.100592	-0.100592	0	0.733333	0.733333	0	
5	0	5	0	10	0.755556	0.129546	0.755556	0	0.231111	5	5	5	0	5	-1.38818	-1.38818	0	-1.89575	-1.89575	0	1.15556	1.15556	0	
4	0	4	0	10	0.644444	0.151819	0.644444	0	0.288889	6	6	6	0	6	-0.756005	-0.756005	0	0.279264	0.279264	0	1.73333	1.73333	0	
2	0	2	0	10	0.466667	0.131757	0.466667	0	0.466667	1	1	1	0	1	0.819796	0.819796	0	0.818008	0.818008	0	0.466667	0.466667	0	
4	0	4	0	10	0.711111	0.117454	0.711111	0	0.340741	3	3	3	0	3	-0.129722	-0.129722	0	-0.83052	-0.83052	0	1.02222	1.02222	0	
4	0	4	0	10	0.733333	0.119889	0.733333	0	0.293333	5	5	5	0	5	-0.682351	-0.682351	0	-0.0767804	-0.0767804	0	1.46667	1.46667	0	
4	0	4	0	10	0.644444	0.151819	0.644444	0	0.322222	6	6	6	0	6	-0.36589	-0.36589	0	0.517373	0.517373	0	1.93333	1.93333	0	
3	0	3	0	10	0.688889	0.103837	0.688889	0	0.488889	3	3	3	0	3	1.37817	1.37817	0	1.26028	1.26028	0	1.46667	1.46667	0	
4	0	4	0	10	0.644444	0.151819	0.644444	0	0.359596	11	11	11	0	11	0.0774013	0.0774013	0	2.28748	2.28748	0	3.95556	3.95556	0	
3	0	3	0	10	0.644444	0.101237	0.644444	0	0.413333	5	5	5	0	5	0.678893	0.678893	0	2.06482	2.06482	0	2.06667	2.06667	0	
5	0	5	0	10	0.822222	0.0969307	0.822222	0	0.364444	5	5	5	0	5	0.124312	0.124312	0	-0.815009	-0.815009	0	1.82222	1.82222	0	
5	0	5	0	10	0.844444	0.0795543	0.844444	0	0.337778	5	5	5	0	5	-0.178187	-0.178187	0	-0.990079	-0.990079	0	1.68889	1.68889	0	
5	0	5	0	10	0.666667	0.163299	0.666667	0	0.2	4	4	4	0	4	-1.66706	-1.66706	0	-2.8472	-2.8472	0	0.8	0.8	0	
4	0	4	0	10	0.777778	0.0906765	0.777778	0	0.426667	5	5	5	0	5	0.830142	0.830142	0	0.736945	0.736945	0	2.13333	2.13333	0	
3	0	3	0	10	0.6	0.130537	0.6	0	0.366667	2	2	2	0	2	0.120301	0.120301	0	-0.100592	-0.100592	0	0.733333	0.733333	0	
5	0	5	0	10	0.866667	0.0713676	0.866667	0	0.437908	17	17	17	0	17	1.11053	1.11053	0	2.69106	2.69106	0	7.44444	7.44444	0	
2	0	2	0	10	0.2	0.154143	0.2	0	0.2	3	3	3	0	3	-1.56222	-1.56222	0	1.22453	1.22453	0	0.6	0.6	0	
2	0	2	0	10	0.355556	0.159109	0.355556	0	0.355556	1	1	1	0	1	0.014992	0.014992	0	0.4167	0.4167	0	0.355556	0.355556	0	
7	0	7	0	10	0.933333	0.0619677	0.933333	0	0.36	10	10	10	0	10	0.0816831	0.0816831	0	-1.55748	-1.55748	0	3.6	3.6	0	
4	0	4	0	10	0.8	0.0888444	0.8	0	0.474074	3	3	3	0	3	1.22738	1.22738	0	-0.141577	-0.141577	0	1.42222	1.42222	0	
4	0	4	0	10	0.733333	0.100532	0.733333	0	0.372222	8	8	8	0	8	0.228683	0.228683	0	1.5296	1.5296	0	2.97778	2.97778	0	
3	0	3	0	10	0.6	0.130537	0.6	0	0.333333	2	2	2	0	2	-0.183929	-0.183929	0	-0.27178	-0.27178	0	0.666667	0.666667	0	
5	0	5	0	10	0.866667	0.0713676	0.866667	0	0.362963	6	6	6	0	6	0.110916	0.110916	0	-0.408508	-0.408508	0	2.17778	2.17778	0	
4	0	4	0	10	0.711111	0.117454	0.711111	0	0.283333	4	4	4	0	4	-0.761949	-0.761949	0	-0.615736	-0.615736	0	1.13333	1.13333	0	
4	0	4	0	10	0.733333	0.100532	0.733333	0	0.366667	6	6	6	0	6	0.154262	0.154262	0	0.806707	0.806707	0	2.2	2.2	0	
3	0	3	0	10	0.511111	0.164303	0.511111	0	0.251852	6	6	6	0	6	-1.18946	-1.18946	0	1.32581	1.32581	0	1.51111	1.51111	0	
8	0	8	0	10	0.955556	0.0594045	0.955556	0	0.367901	9	9	9	0	9	0.17857	0.17857	0	-3.22371	-3.22371	0	3.31111	3.31111	0	
5	0	5	0	10	0.755556	0.129546	0.755556	0	0.230688	21	21	21	0	21	-1.6379	-1.6379	0	1.48618	1.48618	0	4.84444	4.84444	0	
6	0	6	0	10	0.844444	0.102935	0.844444	0	0.4	6	6	6	0	6	0.544376	0.544376	0	-1.36341	-1.36341	0	2.4	2.4	0	
3	0	3	0	10	0.688889	0.103837	0.688889	0	0.511111	2	2	2	0	2	1.43863	1.43863	0	0.519781	0.519781	0	1.02222	1.02222	0	
6	0	6	0	10	0.844444	0.102935	0.844444	0	0.309091	11	11	11	0	11	-0.562375	-0.562375	0	-0.517483	-0.517483	0	3.4	3.4	0	
5	0	5	0	10	0.844444	0.0795543	0.844444	0	0.44	5	5	5	0	5	0.981391	0.981391	0	-0.385452	-0.385452	0	2.2	2.2	0	
6	0	6	0	10	0.844444	0.102935	0.844444	0	0.255556	6	6	6	0	6	-1.14612	-1.14612	0	-2.56262	-2.56262	0	1.53333	1.53333	0	
3	0	3	0	10	0.622222	0.138307	0.622222	0	0.414815	3	3	3	0	3	0.624223	0.624223	0	0.912362	0.912362	0	1.24444	1.24444	0	
4	0	4	0	10	0.777778	0.0906765	0.777778	0	0.417778	5	5	5	0	5	0.729309	0.729309	0	0.689539	0.689539	0	2.08889	2.08889	0	
3	0	3	0	10	0.511111	0.164303	0.511111	0	0.34359	13	13	13	0	13	-0.127392	-0.127392	0	4.44439	4.44439	0	4.46667	4.46667	0	
5	0	5	0	10	0.822222	0.0969307	0.822222	0	0.34	10	10	10	0	10	-0.1691	-0.1691	0	0.614515	0.614515	0	3.4	3.4	0	
3	0	3	0	10	0.688889	0.103837	0.688889	0	0.522222	8	8	8	0	8	2.05947	2.05947	0	4.19917	4.19917	0	4.17778	4.17778	0	
3	0	3	0	10	0.688889	0.103837	0.688889	0	0.488889	3	3	3	0	3	1.37817	1.37817	0	1.26028	1.26028	0	1.46667	1.46667	0	
3	0	3	0	10	0.644444	0.101237	0.644444	0	0.377778	2	2	2	0	2	0.221711	0.221711	0	-0.0464656	-0.0464656	0	0.755556	0.755556	0	
3	0	3	0	10	0.644444	0.101237	0.644444	0	0.298413	7	7	7	0	7	-0.659907	-0.659907	0	2.09195	2.09195	0	2.08889	2.08889	0	
4	0	4	0	10	0.733333	0.100532	0.733333	0	0.318519	3	3	3	0	3	-0.355906	-0.355906	0	-0.971216	-0.971216	0	0.955556	0.955556	0	
5	0	5	0	10	0.822222	0.0969307	0.822222	0	0.333333	7	7	7	0	7	-0.241474	-0.241474	0	-0.251857	-0.251857	0	2.33333	2.33333	0	
6	0	6	0	10	0.888889	0.0754247	0.888889	0	0.262222	5	5	5	0	5	-1.03527	-1.03527	0	-3.02288	-3.02288	0	1.31111	1.31111	0	
6	0	6	0	10	0.888889	0.0754247	0.888889	0	0.304762	14	14	14	0	14	-0.631294	-0.631294	0	0.0157754	0.0157754	0	4.26667	4.26667	0	
4	0	4	0	10	0.777778	0.0906765	0.777778	0	0.485714	7	7	7	0	7	1.58441	1.58441	0	1.87226	1.87226	0	3.4	3.4	0	
6	0	6	0	10	0.888889	0.0754247	0.888889	0	0.337037	6	6	6	0	6	-0.192506	-0.192506	0	-1.80346	-1.80346	0	2.02222	2.02222	0	
4	0	4	0	10	0.733333	0.119889	0.733333	0	0.36	5	5	5	0	5	0.0738955	0.0738955	0	0.360986	0.360986	0	1.8	1.8	0	
2	0	2	0	10	0.466667	0.131757	0.466667	0	0.466667	4	4	4	0	4	1.2293	1.2293	0	3.7793	3.7793	0	1.86667	1.86667	0	
4	0	4	0	10	0.711111	0.117454	0.711111	0	0.3	8	8	8	0	8	-0.652805	-0.652805	0	1.00727	1.00727	0	2.4	2.4	0	
4	0	4	0	10	0.644444	0.151819	0.644444	0	0.303704	3	3	3	0	3	-0.506695	-0.506695	0	-1.07085	-1.07085	0	0.911111	0.911111	0	
5	0	5	0	10	0.822222	0.0969307	0.822222	0	0.351111	10	10	10	0	10	-0.0297761	-0.0297761	0	0.690592	0.690592	0	3.51111	3.51111	0	
4	0	4	0	10	0.733333	0.119889	0.733333	0	0.231111	10	10	10	0	10	-1.53448	-1.53448	0	0.919651	0.919651	0	2.31111	2.31111	0	
5	0	5	0	10	0.755556	0.129546	0.755556	0	0.251852	6	6	6	0	6	-1.18946	-1.18946	0	-1.24939	-1.24939	0	1.51111	1.51111	0	
5	0	5	0	10	0.822222	0.0969307	0.822222	0	0.297222	8	8	8	0	8	-0.686709	-0.686709	0	-0.209009	-0.209009	0	2.37778	2.37778	0	
3	0	3	0	10	0.6	0.130537	0.6	0	0.366667	2	2	2	0	2	0.120301	0.120301	0	-0.100592	-0.100592	0	0.733333	0.733333	0	
2	0	2	0	10	0.555556	0.0745356	0.555556	0	0.555556	1	1	1	0	1	1.46364	1.46364	0	1.09586	1.09586	0	0.555556	0.555556	0	
5	0	5	0	10	0.666667	0.163299	0.666667	0	0.262222	5	5	5	0	5	-1.03527	-1.03527	0	-1.58724	-1.58724	0	1.31111	1.31111	0	
3	0	3	0	10	0.6	0.130537	0.6	0	0.477778	6	6	6	0	6	1.45464	1.45464	0	2.96274	2.96274	0	2.86667	2.86667	0	
4	0	4	0	10	0.733333	0.119889	0.733333	0	0.344444	4	4	4	0	4	-0.0982008	-0.0982008	0	-0.208243	-0.208243	0	1.37778	1.37778	0	
5	0	5	0	10	0.822222	0.0969307	0.822222	0	0.437037	12	12	12	0	12	1.06759	1.06759	0	1.6944	1.6944	0	5.24444	5.24444	0	
2	0	2	0	10	0.2	0.154143	0.2	0	0.2	1	1	1	0	1	-1.11173	-1.11173	0	-0.339314	-0.339314	0	0.2	0.2	0	
3	0	3	0	10	0.511111	0.164303	0.511111	0	0.225926	12	12	12	0	12	-1.62991	-1.62991	0	2.79904	2.79904	0	2.71111	2.71111	0	
4	0	4	0	10	0.733333	0.119889	0.733333	0	0.37037	6	6	6	0	6	0.197608	0.197608	0	0.829618	0.829618	0	2.22222	2.22222	0	
6	0	6	0	10	0.844444	0.102935	0.844444	0	0.355556	6	6	6	0	6	0.0242237	0.0242237	0	-1.66386	-1.66386	0	2.13333	2.13333	0	
4	0	4	0	10	0.711111	0.117454	0.711111	0	0.404444	5	5	5	0	5	0.57806	0.57806	0	0.616994	0.616994	0	2.02222	2.02222	0	
4	0	4	0	10	0.777778	0.0906765	0.777778	0	0.388889	6	6	6	0	6	0.414338	0.414338	0	0.941774	0.941774	0	2.33333	2.33333	0	
3	0	3	0	10	0.6	0.130537	0.6	0	0.522222	6	6	6	0	6	1.97479	1.97479	0	3.2336	3.2336	0	3.13333	3.13333	0	
5	0	5	0	10	0.755556	0.129546	0.755556	0	0.238889	8	8	8	0	8	-1.39868	-1.39868	0	-0.705937	-0.705937	0	1.91111	1.91111	0	
3	0	3	0	10	0.688889	0.103837	0.688889	0	0.462222	5	5	5	0	5	1.23347	1.23347	0	2.35538	2.35538	0	2.31111	2.31111	0	
4	0	4	0	10	0.533333	0.180074	0.533333	0	0.2	3	3	3	0	3	-1.56222	-1.56222	0	-1.96374	-1.96374	0	0.6	0.6	0	
4	0	4	0	10	0.711111	0.117454	0.711111	0	0.446154	13	13	13	0	13	1.19292	1.19292	0	3.47501	3.47501	0	5.8	5.8	0	
4	0	4	0	10	0.777778	0.0906765	0.777778	0	0.362963	3	3	3	0	3	0.0964614	0.0964614	0	-0.698978	-0.698978	0	1.08889	1.08889	0	
4	0	4	0	10	0.777778	0.0906765	0.777778	0	0.4	3	3	3	0	3	0.473434	0.473434	0	-0.496767	-0.496767	0	1.2	1.2	0	
6	0	6	0	10	0.888889	0.0754247	0.888889	0	0.420833	16	16	16	0	16	0.88197	0.88197	0	1.10498	1.10498	0	6.73333	6.73333	0	
4	0	4	0	10	0.533333	0.180074	0.533333	0	0.266667	7	7	7	0	7	-1.0403	-1.0403	0	0.44029	0.44029	0	1.86667	1.86667	0	
2	0	2	0	10	0.533333	0.0946573	0.533333	0	0.533333	1	1	1	0	1	1.30268	1.30268	0	1.02917	1.02917	0	0.533333	0.533333	0	
4	0	4	0	10	0.533333	0.180074	0.533333	0	0.2	4	4	4	0	4	-1.66706	-1.66706	0	-1.34464	-1.34464	0	0.8	0.8	0	
6	0	6	0	10	0.844444	0.102935	0.844444	0	0.255556	6	6	6	0	6	-1.14612	-1.14612	0	-2.56262	-2.56262	0	1.53333	1.53333	0	
4	0	4	0	10	0.533333	0.180074	0.533333	0	0.286111	8	8	8	0	8	-0.822322	-0.822322	0	0.897377	0.897377	0	2.28889	2.28889	0	
7	0	7	0	10	0.911111	0.0773448	0.911111	0	0.377778	13	13	13	0	13	0.312712	0.312712	0	-0.779971	-0.779971	0	4.91111	4.91111	0	
3	0	3	0	10	0.377778	0.181279	0.377778	0	0.277778	2	2	2	0	2	-0.69098	-0.69098	0	-0.593814	-0.593814	0	0.555556	0.555556	0	
3	0	3	0	10	0.377778	0.181279	0.377778	0	0.2	3	3	3	0	3	-1.56222	-1.56222	0	-0.458608	-0.458608	0	0.6	0.6	0	
2	0	2	0	10	0.2	0.154143	0.2	0	0.2	1	1	1	0	1	-1.11173	-1.11173	0	-0.339314	-0.339314	0	0.2	0.2	0	
6	0	6	0	10	0.888889	0.0754247	0.888889	0	0.386111	8	8	8	0	8	0.3982	0.3982	0	-0.745735	-0.745735	0	3.08889	3.08889	0	
4	0	4	0	10	0.644444	0.151819	0.644444	0	0.251852	3	3	3	0	3	-1.03446	-1.03446	0	-1.46598	-1.46598	0	0.755556	0.755556	0	
4	0	4	0	10	0.711111	0.117454	0.711111	0	0.238384	11	11	11	0	11	-1.45806	-1.45806	0	1.21699	1.21699	0	2.62222	2.62222	0	
5	0	5	0	10	0.8	0.100133	0.8	0	0.26	10	10	10	0	10	-1.17223	-1.17223	0	-0.00576845	-0.00576845	0	2.6	2.6	0	
4	0	4	0	10	0.644444	0.151819	0.644444	0	0.222222	7	7	7	0	7	-1.57285	-1.57285	0	0.0477161	0.0477161	0	1.55556	1.55556	0	
5	0	5	0	10	0.666667	0.163299	0.666667	0	0.396581	13	13	13	0	13	0.55477	0.55477	0	1.64905	1.64905	0	5.15556	5.15556	0	
5	0	5	0	10	0.822222	0.0969307	0.822222	0	0.431111	10	10	10	0	10	0.973357	0.973357	0	1.18966	1.18966	0	4.31111	4.31111	0	
3	0	3	0	10	0.511111	0.164303	0.511111	0	0.277778	2	2	2	0	2	-0.69098	-0.69098	0	-0.593814	-0.593814	0	0.555556	0.555556	0	
3	0	3	0	10	0.511111	0.164303	0.511111	0	0.277778	2	2	2	0	2	-0.69098	-0.69098	0	-0.593814	-0.593814	0	0.555556	0.555556	0	
5	0	5	0	10	0.8	0.100133	0.8	0	0.266667	4	4	4	0	4	-0.942971	-0.942971	0	-2.09575	-2.09575	0	1.06667	1.06667	0	
4	0	4	0	10	0.777778	0.0906765	0.777778	0	0.377778	3	3	3	0	3	0.24725	0.24725	0	-0.615736	-0.615736	0	1.13333	1.13333	0	
3	0	3	0	10	0.377778	0.181279	0.377778	0	0.2	6	6	6	0	6	-1.79631	-1.79631	0	0.83799	0.83799	0	1.2	1.2	0	
4	0	4	0	10	0.777778	0.0906765	0.777778	0	0.340741	3	3	3	0	3	-0.129722	-0.129722	0	-0.83052	-0.83052	0	1.02222	1.02222	0	
2	0	2	0	10	0.533333	0.0946573	0.533333	0	0.533333	6	6	6	0	6	2.10483	2.10483	0	5.64007	5.64007	0	3.2	3.2	0	
5	0	5	0	10	0.755556	0.129546	0.755556	0	0.352778	8	8	8	0	8	-0.00864111	-0.00864111	0	0.181776	0.181776	0	2.82222	2.82222	0	
2	0	2	0	10	0.2	0.154143	0.2	0	0.2	1	1	1	0	1	-1.11173	-1.11173	0	-0.339314	-0.339314	0	0.2	0.2	0	
3	0	3	0	10	0.511111	0.164303	0.511111	0	0.277778	2	2	2	0	2	-0.69098	-0.69098	0	-0.593814	-0.593814	0	0.555556	0.555556	0	
2	0	2	0	10	0.2	0.154143	0.2	0	0.2	1	1	1	0	1	-1.11173	-1.11173	0	-0.339314	-0.339314	0	0.2	0.2	0	
3	0	3	0	10	0.6	0.130537	0.6	0	0.288889	3	3	3	0	3	-0.657484	-0.657484	0	0.206017	0.206017	0	0.866667	0.866667	0	
5	0	5	0	10	0.822222	0.0969307	0.822222	0	0.388889	6	6	6	0	6	0.414338	0.414338	0	-0.251857	-0.251857	0	2.33333	2.33333	0	
2	0	2	0	10	0.355556	0.159109	0.355556	0	0.355556	1	1	1	0	1	0.014992	0.014992	0	0.4167	0.4167	0	0.355556	0.355556	0	
3	0	3	0	10	0.688889	0.103837	0.688889	0	0.411111	2	2	2	0	2	0.525941	0.525941	0	0.108362	0.108362	0	0.822222	0.822222	0	
6	0	6	0	10	0.888889	0.0754247	0.888889	0	0.392593	9	9	9	0	9	0.484432	0.484432	0	-0.426654	-0.426654	0	3.53333	3.53333	0	
6	0	6	0	10	0.888889	0.0754247	0.888889	0	0.298413	14	14	14	0	14	-0.713558	-0.713558	0	-0.0335176	-0.0335176	0	4.17778	4.17778	0	
4	0	4	0	10	0.733333	0.100532	0.733333	0	0.283333	4	4	4	0	4	-0.761949	-0.761949	0	-0.615736	-0.615736	0	1.13333	1.13333	0	
3	0	3	0	10	0.644444	0.101237	0.644444	0	0.466667	5	5	5	0	5	1.28389	1.28389	0	2.38099	2.38099	0	2.33333	2.33333	0	
5	0	5	0	10	0.866667	0.0713676	0.866667	0	0.35	8	8	8	0	8	-0.0425445	-0.0425445	0	0.163641	0.163641	0	2.8	2.8	0	
3	0	3	0	10	0.377778	0.181279	0.377778	0	0.2	7	7	7	0	7	-1.83913	-1.83913	0	1.15966	1.15966	0	1.4	1.4	0	
5	0	5	0	10	0.755556	0.129546	0.755556	0	0.374603	7	7	7	0	7	0.253037	0.253037	0	0.0136386	0.0136386	0	2.62222	2.62222	0	
6	0	6	0	10	0.888889	0.0754247	0.888889	0	0.337778	5	5	5	0	5	-0.178187	-0.178187	0	-2.29007	-2.29007	0	1.68889	1.68889	0	
4	0	4	0	10	0.777778	0.0906765	0.777778	0	0.36	5	5	5	0	5	0.0738955	0.0738955	0	0.360986	0.360986	0	1.8	1.8	0	
7	0	7	0	10	0.911111	0.0773448	0.911111	0	0.352381	14	14	14	0	14	-0.0143145	-0.0143145	0	-0.769107	-0.769107	0	4.93333	4.93333	0	
4	0	4	0	10	0.8	0.0888444	0.8	0	0.488889	8	8	8	0	8	1.65262	1.65262	0	2.25551	2.25551	0	3.91111	3.91111	0	
6	0	6	0	10	0.777778	0.137437	0.777778	0	0.397222	8	8	8	0	8	0.533813	0.533813	0	-0.67797	-0.67797	0	3.17778	3.17778	0	
3	0	3	0	10	0.733333	0.0764199	0.733333	0	0.5	2	2	2	0	2	1.33722	1.33722	0	0.477271	0.477271	0	1	1	0	
2	0	2	0	10	0.2	0.154143	0.2	0	0.2	1	1	1	0	1	-1.11173	-1.11173	0	-0.339314	-0.339314	0	0.2	0.2	0	
3	0	3	0	10	0.6	0.130537	0.6	0	0.422222	3	3	3	0	3	0.699617	0.699617	0	0.948883	0.948883	0	1.26667	1.26667	0	
4	0	4	0	10	0.644444	0.151819	0.644444	0	0.291358	9	9	9	0	9	-0.769601	-0.769601	0	1.21699	1.21699	0	2.62222	2.62222	0	
5	0	5	0	10	0.844444	0.0795543	0.844444	0	0.346296	12	12	12	0	12	-0.0918644	-0.0918644	0	1.09835	1.09835	0	4.15556	4.15556	0	
1	0	1	0	10	0	0	0	0	0	0	0	0	0	0	0	0	0	0	0	0	0	0	0	
1	0	1	0	10	0	0	0	0	0	0	0	0	0	0	0	0	0	0	0	0	0	0	0	
3	0	3	0	10	0.377778	0.181279	0.377778	0	0.2	2	2	2	0	2	-1.40085	-1.40085	0	-1.16394	-1.16394	0	0.4	0.4	0	
2	0	2	0	10	0.555556	0.0745356	0.555556	0	0.555556	1	1	1	0	1	1.46364	1.46364	0	1.09586	1.09586	0	0.555556	0.555556	0	
3	0	3	0	10	0.6	0.130537	0.6	0	0.288889	3	3	3	0	3	-0.657484	-0.657484	0	0.206017	0.206017	0	0.866667	0.866667	0	
3	0	3	0	10	0.511111	0.164303	0.511111	0	0.225926	6	6	6	0	6	-1.49289	-1.49289	0	1.0909	1.0909	0	1.35556	1.35556	0	
4	0	4	0	10	0.644444	0.151819	0.644444	0	0.238889	4	4	4	0	4	-1.24468	-1.24468	0	-0.971216	-0.971216	0	0.955556	0.955556	0	
2	0	2	0	10	0.355556	0.159109	0.355556	0	0.355556	4	4	4	0	4	0.0224807	0.0224807	0	3.02501	3.02501	0	1.42222	1.42222	0	
5	0	5	0	10	0.866667	0.0713676	0.866667	0	0.394444	4	4	4	0	4	0.444866	0.444866	0	-1.14825	-1.14825	0	1.57778	1.57778	0	
3	0	3	0	10	0.511111	0.164303	0.511111	0	0.277778	4	4	4	0	4	-0.82229	-0.82229	0	0.683388	0.683388	0	1.11111	1.11111	0	
4	0	4	0	10	0.777778	0.0906765	0.777778	0	0.377778	3	3	3	0	3	0.24725	0.24725	0	-0.615736	-0.615736	0	1.13333	1.13333	0	
2	0	2	0	10	0.355556	0.159109	0.355556	0	0.355556	4	4	4	0	4	0.0224807	0.0224807	0	3.02501	3.02501	0	1.42222	1.42222	0	
4	0	4	0	10	0.777778	0.0906765	0.777778	0	0.340741	3	3	3	0	3	-0.129722	-0.129722	0	-0.83052	-0.83052	0	1.02222	1.02222	0	
5	0	5	0	10	0.822222	0.0969307	0.822222	0	0.461728	9	9	9	0	9	1.34084	1.34084	0	1.09835	1.09835	0	4.15556	4.15556	0	
3	0	3	0	10	0.644444	0.101237	0.644444	0	0.366667	2	2	2	0	2	0.120301	0.120301	0	-0.100592	-0.100592	0	0.733333	0.733333	0	
3	0	3	0	10	0.511111	0.164303	0.511111	0	0.42963	6	6	6	0	6	0.891144	0.891144	0	2.65502	2.65502	0	2.57778	2.57778	0	
3	0	3	0	10	0.6	0.130537	0.6	0	0.366667	2	2	2	0	2	0.120301	0.120301	0	-0.100592	-0.100592	0	0.733333	0.733333	0	
5	0	5	0	10	0.822222	0.0969307	0.822222	0	0.45679	9	9	9	0	9	1.27967	1.27967	0	1.07182	1.07182	0	4.11111	4.11111	0	
3	0	3	0	10	0.511111	0.164303	0.511111	0	0.340741	6	6	6	0	6	-0.14916	-0.14916	0	2.03754	2.03754	0	2.04444	2.04444	0	
5	0	5	0	10	0.844444	0.0795543	0.844444	0	0.285185	6	6	6	0	6	-0.799351	-0.799351	0	-0.959855	-0.959855	0	1.71111	1.71111	0	
