K_1	Ksd_1	mean_K	sd_K	tot_K	H_1	Hsd_1	mean_H	sd_H	tot_H	S_1	prS_1	mean_S	sd_S	tot_S	D_1	mean_D	sd_D	FS_1	mean_FS	sd_FS	Pi_1	mean_Pi	sd_Pi	
3	0	3	0	10	0.644444	0.101237	0.644444	0	0.538889	4	4	4	0	4	2.01373	2.01373	0	2.17244	2.17244	0	2.15556	2.15556	0	
4	0	4	0	10	0.777778	0.0906765	0.777778	0	0.388889	4	4	4	0	4	0.384525	0.384525	0	0.0477161	0.0477161	0	1.55556	1.55556	0	
5	0	5	0	10	0.755556	0.129546	0.755556	0	0.262222	5	5	5	0	5	-1.03527	-1.03527	0	-1.58724	-1.58724	0	1.31111	1.31111	0	
4	0	4	0	10	0.711111	0.117454	0.711111	0	0.27619	7	7	7	0	7	-0.926182	-0.926182	0	0.517373	0.517373	0	1.93333	1.93333	0	
4	0	4	0	10	0.8	0.0888444	0.8	0	0.355556	4	4	4	0	4	0.0224807	0.0224807	0	-0.141577	-0.141577	0	1.42222	1.42222	0	
4	0	4	0	10	0.644444	0.151819	0.644444	0	0.4	3	3	3	0	3	0.473434	0.473434	0	-0.496767	-0.496767	0	1.2	1.2	0	
5	0	5	0	10	0.755556	0.129546	0.755556	0	0.333333	8	8	8	0	8	-0.245965	-0.245965	0	0.0519969	0.0519969	0	2.66667	2.66667	0	
2	0	2	0	10	0.2	0.154143	0.2	0	0.2	3	3	3	0	3	-1.56222	-1.56222	0	1.22453	1.22453	0	0.6	0.6	0	
4	0	4	0	10	0.711111	0.117454	0.711111	0	0.288889	3	3	3	0	3	-0.657484	-0.657484	0	-1.1758	-1.1758	0	0.866667	0.866667	0	
1	0	1	0	10	0	0	0	0	0	0	0	0	0	0	0	0	0	0	0	0	0	0	0	
2	0	2	0	10	0.533333	0.0946573	0.533333	0	0.533333	1	1	1	0	1	1.30268	1.30268	0	1.02917	1.02917	0	0.533333	0.533333	0	
4	0	4	0	10	0.733333	0.100532	0.733333	0	0.422222	12	12	12	0	12	0.87829	0.87829	0	3.03111	3.03111	0	5.06667	5.06667	0	
5	0	5	0	10	0.822222	0.0969307	0.822222	0	0.35	4	4	4	0	4	-0.03786	-0.03786	0	-1.43006	-1.43006	0	1.4	1.4	0	
5	0	5	0	10	0.822222	0.0969307	0.822222	0	0.412698	7	7	7	0	7	0.709509	0.709509	0	0.235427	0.235427	0	2.88889	2.88889	0	
2	0	2	0	10	0.355556	0.159109	0.355556	0	0.355556	1	1	1	0	1	0.014992	0.014992	0	0.4167	0.4167	0	0.355556	0.355556	0	
3	0	3	0	10	0.377778	0.181279	0.377778	0	0.2	2	2	2	0	2	-1.40085	-1.40085	0	-1.16394	-1.16394	0	0.4	0.4	0	
6	0	6	0	10	0.866667	0.0850098	0.866667	0	0.330864	9	9	9	0	9	-0.280222	-0.280222	0	-0.833649	-0.833649	0	2.97778	2.97778	0	
6	0	6	0	10	0.844444	0.102935	0.844444	0	0.262222	5	5	5	0	5	-1.03527	-1.03527	0	-3.02288	-3.02288	0	1.31111	1.31111	0	
4	0	4	0	10	0.733333	0.119889	0.733333	0	0.44	5	5	5	0	5	0.981391	0.981391	0	0.806707	0.806707	0	2.2	2.2	0	
3	0	3	0	10	0.377778	0.181279	0.377778	0	0.311111	7	7	7	0	7	-0.50775	-0.50775	0	2.19898	2.19898	0	2.17778	2.17778	0	
3	0	3	0	10	0.6	0.130537	0.6	0	0.366667	2	2	2	0	2	0.120301	0.120301	0	-0.100592	-0.100592	0	0.733333	0.733333	0	
5	0	5	0	10	0.844444	0.0795543	0.844444	0	0.324444	5	5	5	0	5	-0.329436	-0.329436	0	-1.08351	-1.08351	0	1.62222	1.62222	0	
4	0	4	0	10	0.8	0.0758947	0.8	0	0.4	3	3	3	0	3	0.473434	0.473434	0	-0.496767	-0.496767	0	1.2	1.2	0	
3	0	3	0	10	0.688889	0.103837	0.688889	0	0.455556	2	2	2	0	2	0.931582	0.931582	0	0.299793	0.299793	0	0.911111	0.911111	0	
5	0	5	0	10	0.755556	0.129546	0.755556	0	0.322222	10	10	10	0	10	-0.392019	-0.392019	0	0.488475	0.488475	0	3.22222	3.22222	0	
4	0	4	0	10	0.533333	0.180074	0.533333	0	0.2	10	10	10	0	10	-1.92458	-1.92458	0	0.592409	0.592409	0	2	2	0	
1	0	1	0	10	0	0	0	0	0	0	0	0	0	0	0	0	0	0	0	0	0	0	0	
6	0	6	0	10	0.844444	0.102935	0.844444	0	0.269841	7	7	7	0	7	-1.00226	-1.00226	0	-1.98461	-1.98461	0	1.88889	1.88889	0	
3	0	3	0	10	0.644444	0.101237	0.644444	0	0.524786	13	13	13	0	13	2.20516	2.20516	0	6.19099	6.19099	0	6.82222	6.82222	0	
5	0	5	0	10	0.755556	0.129546	0.755556	0	0.351111	5	5	5	0	5	-0.0269373	-0.0269373	0	-0.900701	-0.900701	0	1.75556	1.75556	0	
4	0	4	0	10	0.711111	0.117454	0.711111	0	0.283333	4	4	4	0	4	-0.761949	-0.761949	0	-0.615736	-0.615736	0	1.13333	1.13333	0	
6	0	6	0	10	0.911111	0.0620394	0.911111	0	0.32963	6	6	6	0	6	-0.279198	-0.279198	0	-1.86209	-1.86209	0	1.97778	1.97778	0	
4	0	4	0	10	0.733333	0.119889	0.733333	0	0.405556	4	4	4	0	4	0.565548	0.565548	0	0.137067	0.137067	0	1.62222	1.62222	0	
4	0	4	0	10	0.533333	0.180074	0.533333	0	0.2	4	4	4	0	4	-1.66706	-1.66706	0	-1.34464	-1.34464	0	0.8	0.8	0	
4	0	4	0	10	0.711111	0.117454	0.711111	0	0.444444	4	4	4	0	4	0.987933	0.987933	0	0.334025	0.334025	0	1.77778	1.77778	0	
3	0	3	0	10	0.377778	0.181279	0.377778	0	0.2	2	2	2	0	2	-1.40085	-1.40085	0	-1.16394	-1.16394	0	0.4	0.4	0	
2	0	2	0	10	0.2	0.154143	0.2	0	0.2	1	1	1	0	1	-1.11173	-1.11173	0	-0.339314	-0.339314	0	0.2	0.2	0	
3	0	3	0	10	0.622222	0.138307	0.622222	0	0.355556	2	2	2	0	2	0.0188908	0.0188908	0	-0.156119	-0.156119	0	0.711111	0.711111	0	
4	0	4	0	10	0.711111	0.117454	0.711111	0	0.413333	5	5	5	0	5	0.678893	0.678893	0	0.665554	0.665554	0	2.06667	2.06667	0	
4	0	4	0	10	0.711111	0.117454	0.711111	0	0.333333	5	5	5	0	5	-0.228603	-0.228603	0	0.194901	0.194901	0	1.66667	1.66667	0	
2	0	2	0	10	0.2	0.154143	0.2	0	0.2	2	2	2	0	2	-1.40085	-1.40085	0	0.586219	0.586219	0	0.4	0.4	0	
3	0	3	0	10	0.511111	0.164303	0.511111	0	0.377778	3	3	3	0	3	0.24725	0.24725	0	0.722822	0.722822	0	1.13333	1.13333	0	
3	0	3	0	10	0.377778	0.181279	0.377778	0	0.2	3	3	3	0	3	-1.56222	-1.56222	0	-0.458608	-0.458608	0	0.6	0.6	0	
2	0	2	0	10	0.2	0.154143	0.2	0	0.2	1	1	1	0	1	-1.11173	-1.11173	0	-0.339314	-0.339314	0	0.2	0.2	0	
4	0	4	0	10	0.533333	0.180074	0.533333	0	0.2	4	4	4	0	4	-1.66706	-1.66706	0	-1.34464	-1.34464	0	0.8	0.8	0	
7	0	7	0	10	0.933333	0.0619677	0.933333	0	0.359596	11	11	11	0	11	0.0774013	0.0774013	0	-1.31455	-1.31455	0	3.95556	3.95556	0	
3	0	3	0	10	0.644444	0.101237	0.644444	0	0.377778	2	2	2	0	2	0.221711	0.221711	0	-0.0464656	-0.0464656	0	0.755556	0.755556	0	
5	0	5	0	10	0.822222	0.0969307	0.822222	0	0.281481	12	12	12	0	12	-0.920045	-0.920045	0	0.59906	0.59906	0	3.37778	3.37778	0	
3	0	3	0	10	0.644444	0.101237	0.644444	0	0.484444	5	5	5	0	5	1.48556	1.48556	0	2.48223	2.48223	0	2.42222	2.42222	0	
4	0	4	0	10	0.644444	0.151819	0.644444	0	0.303704	3	3	3	0	3	-0.506695	-0.506695	0	-1.07085	-1.07085	0	0.911111	0.911111	0	
5	0	5	0	10	0.822222	0.0969307	0.822222	0	0.238889	8	8	8	0	8	-1.39868	-1.39868	0	-0.705937	-0.705937	0	1.91111	1.91111	0	
4	0	4	0	10	0.644444	0.151819	0.644444	0	0.262222	5	5	5	0	5	-1.03527	-1.03527	0	-0.312068	-0.312068	0	1.31111	1.31111	0	
6	0	6	0	10	0.911111	0.0620394	0.911111	0	0.35873	7	7	7	0	7	0.0628404	0.0628404	0	-1.25027	-1.25027	0	2.51111	2.51111	0	
5	0	5	0	10	0.844444	0.0795543	0.844444	0	0.319444	8	8	8	0	8	-0.415482	-0.415482	0	-0.0450542	-0.0450542	0	2.55556	2.55556	0	
3	0	3	0	10	0.644444	0.101237	0.644444	0	0.504762	7	7	7	0	7	1.81265	1.81265	0	3.61969	3.61969	0	3.53333	3.53333	0	
4	0	4	0	10	0.733333	0.119889	0.733333	0	0.362963	3	3	3	0	3	0.0964614	0.0964614	0	-0.698978	-0.698978	0	1.08889	1.08889	0	
5	0	5	0	10	0.822222	0.0969307	0.822222	0	0.337037	6	6	6	0	6	-0.192506	-0.192506	0	-0.57702	-0.57702	0	2.02222	2.02222	0	
5	0	5	0	10	0.666667	0.163299	0.666667	0	0.231111	5	5	5	0	5	-1.38818	-1.38818	0	-1.89575	-1.89575	0	1.15556	1.15556	0	
4	0	4	0	10	0.733333	0.100532	0.733333	0	0.438095	7	7	7	0	7	1.01382	1.01382	0	1.60405	1.60405	0	3.06667	3.06667	0	
3	0	3	0	10	0.6	0.130537	0.6	0	0.4	4	4	4	0	4	0.505207	0.505207	0	1.45344	1.45344	0	1.6	1.6	0	
3	0	3	0	10	0.622222	0.138307	0.622222	0	0.444444	2	2	2	0	2	0.830172	0.830172	0	0.253363	0.253363	0	0.888889	0.888889	0	
4	0	4	0	10	0.711111	0.117454	0.711111	0	0.35	4	4	4	0	4	-0.03786	-0.03786	0	-0.174668	-0.174668	0	1.4	1.4	0	
6	0	6	0	10	0.866667	0.0850098	0.866667	0	0.271111	5	5	5	0	5	-0.934433	-0.934433	0	-2.92289	-2.92289	0	1.35556	1.35556	0	
4	0	4	0	10	0.822222	0.0716163	0.822222	0	0.4	5	5	5	0	5	0.527643	0.527643	0	0.592409	0.592409	0	2	2	0	
5	0	5	0	10	0.822222	0.0969307	0.822222	0	0.355556	6	6	6	0	6	0.0242237	0.0242237	0	-0.455351	-0.455351	0	2.13333	2.13333	0	
3	0	3	0	10	0.644444	0.101237	0.644444	0	0.45	4	4	4	0	4	1.04827	1.04827	0	1.72621	1.72621	0	1.8	1.8	0	
1	0	1	0	10	0	0	0	0	0	0	0	0	0	0	0	0	0	0	0	0	0	0	0	
3	0	3	0	10	0.733333	0.0764199	0.733333	0	0.511111	3	3	3	0	3	1.60435	1.60435	0	1.35813	1.35813	0	1.53333	1.53333	0	
3	0	3	0	10	0.622222	0.138307	0.622222	0	0.355556	2	2	2	0	2	0.0188908	0.0188908	0	-0.156119	-0.156119	0	0.711111	0.711111	0	
3	0	3	0	10	0.511111	0.164303	0.511111	0	0.277778	2	2	2	0	2	-0.69098	-0.69098	0	-0.593814	-0.593814	0	0.555556	0.555556	0	
7	0	7	0	10	0.911111	0.0773448	0.911111	0	0.274074	9	9	9	0	9	-0.983704	-0.983704	0	-2.61643	-2.61643	0	2.46667	2.46667	0	
3	0	3	0	10	0.6	0.130537	0.6	0	0.511111	3	3	3	0	3	1.60435	1.60435	0	1.35813	1.35813	0	1.53333	1.53333	0	
7	0	7	0	10	0.933333	0.0619677	0.933333	0	0.3375	16	16	16	0	16	-0.209346	-0.209346	0	-0.553583	-0.553583	0	5.4	5.4	0	
5	0	5	0	10	0.666667	0.163299	0.666667	0	0.231111	5	5	5	0	5	-1.38818	-1.38818	0	-1.89575	-1.89575	0	1.15556	1.15556	0	
5	0	5	0	10	0.844444	0.0795543	0.844444	0	0.437037	6	6	6	0	6	0.977836	0.977836	0	0.0136386	0.0136386	0	2.62222	2.62222	0	
3	0	3	0	10	0.711111	0.0859974	0.711111	0	0.533333	2	2	2	0	2	1.64145	1.64145	0	0.602811	0.602811	0	1.06667	1.06667	0	
6	0	6	0	10	0.844444	0.102935	0.844444	0	0.330864	9	9	9	0	9	-0.280222	-0.280222	0	-0.833649	-0.833649	0	2.97778	2.97778	0	
5	0	5	0	10	0.8	0.100133	0.8	0	0.306667	5	5	5	0	5	-0.531102	-0.531102	0	-1.21512	-1.21512	0	1.53333	1.53333	0	
3	0	3	0	10	0.733333	0.0764199	0.733333	0	0.477778	6	6	6	0	6	1.45464	1.45464	0	2.96274	2.96274	0	2.86667	2.86667	0	
7	0	7	0	10	0.933333	0.0619677	0.933333	0	0.28547	13	13	13	0	13	-0.87557	-0.87557	0	-1.4783	-1.4783	0	3.71111	3.71111	0	
4	0	4	0	10	0.644444	0.151819	0.644444	0	0.303704	3	3	3	0	3	-0.506695	-0.506695	0	-1.07085	-1.07085	0	0.911111	0.911111	0	
3	0	3	0	10	0.511111	0.164303	0.511111	0	0.336111	8	8	8	0	8	-0.212061	-0.212061	0	2.77528	2.77528	0	2.68889	2.68889	0	
4	0	4	0	10	0.777778	0.0906765	0.777778	0	0.425397	7	7	7	0	7	0.861666	0.861666	0	1.5296	1.5296	0	2.97778	2.97778	0	
5	0	5	0	10	0.844444	0.0795543	0.844444	0	0.305556	4	4	4	0	4	-0.520586	-0.520586	0	-1.75772	-1.75772	0	1.22222	1.22222	0	
3	0	3	0	10	0.644444	0.101237	0.644444	0	0.45	4	4	4	0	4	1.04827	1.04827	0	1.72621	1.72621	0	1.8	1.8	0	
3	0	3	0	10	0.644444	0.101237	0.644444	0	0.466667	4	4	4	0	4	1.2293	1.2293	0	1.81329	1.81329	0	1.86667	1.86667	0	
3	0	3	0	10	0.511111	0.164303	0.511111	0	0.390476	7	7	7	0	7	0.443234	0.443234	0	2.8227	2.8227	0	2.73333	2.73333	0	
4	0	4	0	10	0.533333	0.180074	0.533333	0	0.2	4	4	4	0	4	-1.66706	-1.66706	0	-1.34464	-1.34464	0	0.8	0.8	0	
2	0	2	0	10	0.355556	0.159109	0.355556	0	0.355556	1	1	1	0	1	0.014992	0.014992	0	0.4167	0.4167	0	0.355556	0.355556	0	
6	0	6	0	10	0.888889	0.0754247	0.888889	0	0.449383	9	9	9	0	9	1.18791	1.18791	0	-0.109462	-0.109462	0	4.04444	4.04444	0	
4	0	4	0	10	0.533333	0.180074	0.533333	0	0.251852	3	3	3	0	3	-1.03446	-1.03446	0	-1.46598	-1.46598	0	0.755556	0.755556	0	
4	0	4	0	10	0.533333	0.180074	0.533333	0	0.238095	7	7	7	0	7	-1.38265	-1.38265	0	0.194901	0.194901	0	1.66667	1.66667	0	
7	0	7	0	10	0.911111	0.0773448	0.911111	0	0.303704	9	9	9	0	9	-0.61667	-0.61667	0	-2.31399	-2.31399	0	2.73333	2.73333	0	
4	0	4	0	10	0.733333	0.119889	0.733333	0	0.303704	3	3	3	0	3	-0.506695	-0.506695	0	-1.07085	-1.07085	0	0.911111	0.911111	0	
4	0	4	0	10	0.777778	0.0906765	0.777778	0	0.366667	4	4	4	0	4	0.143162	0.143162	0	-0.0767804	-0.0767804	0	1.46667	1.46667	0	
6	0	6	0	10	0.844444	0.102935	0.844444	0	0.444444	8	8	8	0	8	1.11017	1.11017	0	-0.411879	-0.411879	0	3.55556	3.55556	0	
4	0	4	0	10	0.733333	0.119889	0.733333	0	0.4	5	5	5	0	5	0.527643	0.527643	0	0.592409	0.592409	0	2	2	0	
3	0	3	0	10	0.688889	0.103837	0.688889	0	0.511111	2	2	2	0	2	1.43863	1.43863	0	0.519781	0.519781	0	1.02222	1.02222	0	
4	0	4	0	10	0.644444	0.151819	0.644444	0	0.324444	5	5	5	0	5	-0.329436	-0.329436	0	0.137067	0.137067	0	1.62222	1.62222	0	
4	0	4	0	10	0.644444	0.151819	0.644444	0	0.251852	3	3	3	0	3	-1.03446	-1.03446	0	-1.46598	-1.46598	0	0.755556	0.755556	0	
4	0	4	0	10	0.733333	0.119889	0.733333	0	0.444444	10	10	10	0	10	1.14055	1.14055	0	2.6269	2.6269	0	4.44444	4.44444	0	
5	0	5	0	10	0.666667	0.163299	0.666667	0	0.266667	4	4	4	0	4	-0.942971	-0.942971	0	-2.09575	-2.09575	0	1.06667	1.06667	0	
4	0	4	0	10	0.711111	0.117454	0.711111	0	0.311111	3	3	3	0	3	-0.4313	-0.4313	0	-1.02041	-1.02041	0	0.933333	0.933333	0	
4	0	4	0	10	0.644444	0.151819	0.644444	0	0.288889	3	3	3	0	3	-0.657484	-0.657484	0	-1.1758	-1.1758	0	0.866667	0.866667	0	
2	0	2	0	10	0.2	0.154143	0.2	0	0.2	1	1	1	0	1	-1.11173	-1.11173	0	-0.339314	-0.339314	0	0.2	0.2	0	
6	0	6	0	10	0.844444	0.102935	0.844444	0	0.386111	8	8	8	0	8	0.3982	0.3982	0	-0.745735	-0.745735	0	3.08889	3.08889	0	
3	0	3	0	10	0.377778	0.181279	0.377778	0	0.2	2	2	2	0	2	-1.40085	-1.40085	0	-1.16394	-1.16394	0	0.4	0.4	0	
2	0	2	0	10	0.2	0.154143	0.2	0	0.2	1	1	1	0	1	-1.11173	-1.11173	0	-0.339314	-0.339314	0	0.2	0.2	0	
4	0	4	0	10	0.711111	0.117454	0.711111	0	0.377778	4	4	4	0	4	0.263844	0.263844	0	-0.013722	-0.013722	0	1.51111	1.51111	0	
5	0	5	0	10	0.666667	0.163299	0.666667	0	0.388034	13	13	13	0	13	0.444744	0.444744	0	1.59165	1.59165	0	5.04444	5.04444	0	
3	0	3	0	10	0.688889	0.103837	0.688889	0	0.526984	7	7	7	0	7	2.07893	2.07893	0	3.76403	3.76403	0	3.68889	3.68889	0	
5	0	5	0	10	0.755556	0.129546	0.755556	0	0.316667	12	12	12	0	12	-0.470461	-0.470461	0	0.879863	0.879863	0	3.8	3.8	0	
5	0	5	0	10	0.822222	0.0969307	0.822222	0	0.412346	9	9	9	0	9	0.729121	0.729121	0	0.822851	0.822851	0	3.71111	3.71111	0	
3	0	3	0	10	0.6	0.130537	0.6	0	0.333333	2	2	2	0	2	-0.183929	-0.183929	0	-0.27178	-0.27178	0	0.666667	0.666667	0	
2	0	2	0	10	0.533333	0.0946573	0.533333	0	0.533333	3	3	3	0	3	1.83053	1.83053	0	3.33815	3.33815	0	1.6	1.6	0	
4	0	4	0	10	0.733333	0.119889	0.733333	0	0.303704	3	3	3	0	3	-0.506695	-0.506695	0	-1.07085	-1.07085	0	0.911111	0.911111	0	
4	0	4	0	10	0.733333	0.100532	0.733333	0	0.42963	3	3	3	0	3	0.775012	0.775012	0	-0.347779	-0.347779	0	1.28889	1.28889	0	
2	0	2	0	10	0.533333	0.0946573	0.533333	0	0.533333	2	2	2	0	2	1.64145	1.64145	0	2.33782	2.33782	0	1.06667	1.06667	0	
4	0	4	0	10	0.644444	0.151819	0.644444	0	0.362963	3	3	3	0	3	0.0964614	0.0964614	0	-0.698978	-0.698978	0	1.08889	1.08889	0	
3	0	3	0	10	0.377778	0.181279	0.377778	0	0.2	5	5	5	0	5	-1.7411	-1.7411	0	0.477271	0.477271	0	1	1	0	
4	0	4	0	10	0.644444	0.151819	0.644444	0	0.4	5	5	5	0	5	0.527643	0.527643	0	0.592409	0.592409	0	2	2	0	
4	0	4	0	10	0.777778	0.0906765	0.777778	0	0.373333	10	10	10	0	10	0.248872	0.248872	0	2.1256	2.1256	0	3.73333	3.73333	0	
4	0	4	0	10	0.733333	0.119889	0.733333	0	0.361111	4	4	4	0	4	0.0828215	0.0828215	0	-0.108954	-0.108954	0	1.44444	1.44444	0	
7	0	7	0	10	0.866667	0.107207	0.866667	0	0.330864	9	9	9	0	9	-0.280222	-0.280222	0	-2.07058	-2.07058	0	2.97778	2.97778	0	
3	0	3	0	10	0.511111	0.164303	0.511111	0	0.333333	2	2	2	0	2	-0.183929	-0.183929	0	-0.27178	-0.27178	0	0.666667	0.666667	0	
3	0	3	0	10	0.6	0.130537	0.6	0	0.422222	3	3	3	0	3	0.699617	0.699617	0	0.948883	0.948883	0	1.26667	1.26667	0	
4	0	4	0	10	0.533333	0.180074	0.533333	0	0.251852	3	3	3	0	3	-1.03446	-1.03446	0	-1.46598	-1.46598	0	0.755556	0.755556	0	
2	0	2	0	10	0.2	0.154143	0.2	0	0.2	2	2	2	0	2	-1.40085	-1.40085	0	0.586219	0.586219	0	0.4	0.4	0	
2	0	2	0	10	0.355556	0.159109	0.355556	0	0.355556	1	1	1	0	1	0.014992	0.014992	0	0.4167	0.4167	0	0.355556	0.355556	0	
5	0	5	0	10	0.844444	0.0795543	0.844444	0	0.333333	4	4	4	0	4	-0.218882	-0.218882	0	-1.54678	-1.54678	0	1.33333	1.33333	0	
1	0	1	0	10	0	0	0	0	0	0	0	0	0	0	0	0	0	0	0	0	0	0	0	
3	0	3	0	10	0.6	0.130537	0.6	0	0.333333	2	2	2	0	2	-0.183929	-0.183929	0	-0.27178	-0.27178	0	0.666667	0.666667	0	
5	0	5	0	10	0.844444	0.0795543	0.844444	0	0.3	6	6	6	0	6	-0.625967	-0.625967	0	-0.843184	-0.843184	0	1.8	1.8	0	
3	0	3	0	10	0.511111	0.164303	0.511111	0	0.320988	9	9	9	0	9	-0.402567	-0.402567	0	2.98577	2.98577	0	2.88889	2.88889	0	
4	0	4	0	10	0.644444	0.151819	0.644444	0	0.391111	5	5	5	0	5	0.426811	0.426811	0	0.542604	0.542604	0	1.95556	1.95556	0	
3	0	3	0	10	0.644444	0.101237	0.644444	0	0.366667	2	2	2	0	2	0.120301	0.120301	0	-0.100592	-0.100592	0	0.733333	0.733333	0	
4	0	4	0	10	0.733333	0.119889	0.733333	0	0.303704	3	3	3	0	3	-0.506695	-0.506695	0	-1.07085	-1.07085	0	0.911111	0.911111	0	
2	0	2	0	10	0.533333	0.0946573	0.533333	0	0.533333	2	2	2	0	2	1.64145	1.64145	0	2.33782	2.33782	0	1.06667	1.06667	0	
3	0	3	0	10	0.711111	0.0859974	0.711111	0	0.488889	4	4	4	0	4	1.47066	1.47066	0	1.92679	1.92679	0	1.95556	1.95556	0	
3	0	3	0	10	0.688889	0.103837	0.688889	0	0.455556	2	2	2	0	2	0.931582	0.931582	0	0.299793	0.299793	0	0.911111	0.911111	0	
2	0	2	0	10	0.466667	0.131757	0.466667	0	0.466667	1	1	1	0	1	0.819796	0.819796	0	0.818008	0.818008	0	0.466667	0.466667	0	
3	0	3	0	10	0.6	0.130537	0.6	0	0.333333	2	2	2	0	2	-0.183929	-0.183929	0	-0.27178	-0.27178	0	0.666667	0.666667	0	
3	0	3	0	10	0.688889	0.103837	0.688889	0	0.383333	4	4	4	0	4	0.324185	0.324185	0	1.35813	1.35813	0	1.53333	1.53333	0	
6	0	6	0	10	0.866667	0.0850098	0.866667	0	0.363889	8	8	8	0	8	0.126972	0.126972	0	-0.888239	-0.888239	0	2.91111	2.91111	0	
3	0	3	0	10	0.377778	0.181279	0.377778	0	0.2	2	2	2	0	2	-1.40085	-1.40085	0	-1.16394	-1.16394	0	0.4	0.4	0	
3	0	3	0	10	0.377778	0.181279	0.377778	0	0.2	3	3	3	0	3	-1.56222	-1.56222	0	-0.458608	-0.458608	0	0.6	0.6	0	
3	0	3	0	10	0.622222	0.138307	0.622222	0	0.355556	2	2	2	0	2	0.0188908	0.0188908	0	-0.156119	-0.156119	0	0.711111	0.711111	0	
6	0	6	0	10	0.888889	0.0754247	0.888889	0	0.28254	7	7	7	0	7	-0.850104	-0.850104	0	-1.86209	-1.86209	0	1.97778	1.97778	0	
3	0	3	0	10	0.6	0.130537	0.6	0	0.366667	2	2	2	0	2	0.120301	0.120301	0	-0.100592	-0.100592	0	0.733333	0.733333	0	
4	0	4	0	10	0.733333	0.119889	0.733333	0	0.403704	6	6	6	0	6	0.587722	0.587722	0	1.02882	1.02882	0	2.42222	2.42222	0	
4	0	4	0	10	0.711111	0.117454	0.711111	0	0.233333	10	10	10	0	10	-1.50661	-1.50661	0	0.941774	0.941774	0	2.33333	2.33333	0	
2	0	2	0	10	0.355556	0.159109	0.355556	0	0.355556	3	3	3	0	3	0.0210669	0.0210669	0	2.33782	2.33782	0	1.06667	1.06667	0	
4	0	4	0	10	0.733333	0.119889	0.733333	0	0.316667	4	4	4	0	4	-0.399905	-0.399905	0	-0.384079	-0.384079	0	1.26667	1.26667	0	
2	0	2	0	10	0.2	0.154143	0.2	0	0.2	1	1	1	0	1	-1.11173	-1.11173	0	-0.339314	-0.339314	0	0.2	0.2	0	
6	0	6	0	10	0.888889	0.0754247	0.888889	0	0.377778	11	11	11	0	11	0.307721	0.307721	0	-0.0460042	-0.0460042	0	4.15556	4.15556	0	
5	0	5	0	10	0.844444	0.0795543	0.844444	0	0.325	16	16	16	0	16	-0.373044	-0.373044	0	1.67179	1.67179	0	5.2	5.2	0	
4	0	4	0	10	0.644444	0.151819	0.644444	0	0.311111	3	3	3	0	3	-0.4313	-0.4313	0	-1.02041	-1.02041	0	0.933333	0.933333	0	
5	0	5	0	10	0.755556	0.129546	0.755556	0	0.234568	9	9	9	0	9	-1.47308	-1.47308	0	-0.47915	-0.47915	0	2.11111	2.11111	0	
5	0	5	0	10	0.755556	0.129546	0.755556	0	0.393939	11	11	11	0	11	0.512449	0.512449	0	1.20251	1.20251	0	4.33333	4.33333	0	
2	0	2	0	10	0.355556	0.159109	0.355556	0	0.355556	1	1	1	0	1	0.014992	0.014992	0	0.4167	0.4167	0	0.355556	0.355556	0	
3	0	3	0	10	0.733333	0.0764199	0.733333	0	0.5	2	2	2	0	2	1.33722	1.33722	0	0.477271	0.477271	0	1	1	0	
5	0	5	0	10	0.844444	0.0795543	0.844444	0	0.361111	8	8	8	0	8	0.0930691	0.0930691	0	0.235427	0.235427	0	2.88889	2.88889	0	
4	0	4	0	10	0.533333	0.180074	0.533333	0	0.238889	4	4	4	0	4	-1.24468	-1.24468	0	-0.971216	-0.971216	0	0.955556	0.955556	0	
8	0	8	0	10	0.933333	0.0772873	0.933333	0	0.27619	7	7	7	0	7	-0.926182	-0.926182	0	-5.21933	-5.21933	0	1.93333	1.93333	0	
2	0	2	0	10	0.2	0.154143	0.2	0	0.2	1	1	1	0	1	-1.11173	-1.11173	0	-0.339314	-0.339314	0	0.2	0.2	0	
5	0	5	0	10	0.755556	0.129546	0.755556	0	0.391667	8	8	8	0	8	0.466006	0.466006	0	0.423273	0.423273	0	3.13333	3.13333	0	
3	0	3	0	10	0.511111	0.164303	0.511111	0	0.277778	2	2	2	0	2	-0.69098	-0.69098	0	-0.593814	-0.593814	0	0.555556	0.555556	0	
3	0	3	0	10	0.377778	0.181279	0.377778	0	0.2	5	5	5	0	5	-1.7411	-1.7411	0	0.477271	0.477271	0	1	1	0	
3	0	3	0	10	0.6	0.130537	0.6	0	0.5	2	2	2	0	2	1.33722	1.33722	0	0.477271	0.477271	0	1	1	0	
4	0	4	0	10	0.733333	0.100532	0.733333	0	0.318519	3	3	3	0	3	-0.355906	-0.355906	0	-0.971216	-0.971216	0	0.955556	0.955556	0	
6	0	6	0	10	0.888889	0.0754247	0.888889	0	0.37619	14	14	14	0	14	0.294175	0.294175	0	0.511193	0.511193	0	5.26667	5.26667	0	
3	0	3	0	10	0.6	0.130537	0.6	0	0.511111	3	3	3	0	3	1.60435	1.60435	0	1.35813	1.35813	0	1.53333	1.53333	0	
6	0	6	0	10	0.888889	0.0754247	0.888889	0	0.316667	8	8	8	0	8	-0.449385	-0.449385	0	-1.22838	-1.22838	0	2.53333	2.53333	0	
2	0	2	0	10	0.533333	0.0946573	0.533333	0	0.533333	2	2	2	0	2	1.64145	1.64145	0	2.33782	2.33782	0	1.06667	1.06667	0	
6	0	6	0	10	0.888889	0.0754247	0.888889	0	0.351111	5	5	5	0	5	-0.0269373	-0.0269373	0	-2.18321	-2.18321	0	1.75556	1.75556	0	
1	0	1	0	10	0	0	0	0	0	0	0	0	0	0	0	0	0	0	0	0	0	0	0	
7	0	7	0	10	0.911111	0.0773448	0.911111	0	0.311111	8	8	8	0	8	-0.517192	-0.517192	0	-2.58952	-2.58952	0	2.48889	2.48889	0	
5	0	5	0	10	0.8	0.100133	0.8	0	0.244444	6	6	6	0	6	-1.27616	-1.27616	0	-1.31974	-1.31974	0	1.46667	1.46667	0	
4	0	4	0	10	0.711111	0.117454	0.711111	0	0.518519	3	3	3	0	3	1.67975	1.67975	0	0.0477161	0.0477161	0	1.55556	1.55556	0	
5	0	5	0	10	0.755556	0.129546	0.755556	0	0.253333	5	5	5	0	5	-1.1361	-1.1361	0	-1.67067	-1.67067	0	1.26667	1.26667	0	
2	0	2	0	10	0.355556	0.159109	0.355556	0	0.355556	1	1	1	0	1	0.014992	0.014992	0	0.4167	0.4167	0	0.355556	0.355556	0	
9	0	9	0	10	0.977778	0.0539959	0.977778	0	0.287179	13	13	13	0	13	-0.853564	-0.853564	0	-4.64188	-4.64188	0	3.73333	3.73333	0	
4	0	4	0	10	0.644444	0.151819	0.644444	0	0.32381	7	7	7	0	7	-0.355592	-0.355592	0	0.87495	0.87495	0	2.26667	2.26667	0	
3	0	3	0	10	0.377778	0.181279	0.377778	0	0.277778	2	2	2	0	2	-0.69098	-0.69098	0	-0.593814	-0.593814	0	0.555556	0.555556	0	
5	0	5	0	10	0.755556	0.129546	0.755556	0	0.324444	5	5	5	0	5	-0.329436	-0.329436	0	-1.08351	-1.08351	0	1.62222	1.62222	0	
4	0	4	0	10	0.777778	0.0906765	0.777778	0	0.471111	10	10	10	0	10	1.47492	1.47492	0	2.8036	2.8036	0	4.71111	4.71111	0	
3	0	3	0	10	0.644444	0.101237	0.644444	0	0.366667	2	2	2	0	2	0.120301	0.120301	0	-0.100592	-0.100592	0	0.733333	0.733333	0	
2	0	2	0	10	0.466667	0.131757	0.466667	0	0.466667	2	2	2	0	2	1.03299	1.03299	0	2.05186	2.05186	0	0.933333	0.933333	0	
2	0	2	0	10	0.355556	0.159109	0.355556	0	0.355556	1	1	1	0	1	0.014992	0.014992	0	0.4167	0.4167	0	0.355556	0.355556	0	
1	0	1	0	10	0	0	0	0	0	0	0	0	0	0	0	0	0	0	0	0	0	0	0	
5	0	5	0	10	0.8	0.100133	0.8	0	0.253333	5	5	5	0	5	-1.1361	-1.1361	0	-1.67067	-1.67067	0	1.26667	1.26667	0	
1	0	1	0	10	0	0	0	0	0	0	0	0	0	0	0	0	0	0	0	0	0	0	0	
4	0	4	0	10	0.644444	0.151819	0.644444	0	0.277778	4	4	4	0	4	-0.82229	-0.82229	0	-0.65694	-0.65694	0	1.11111	1.11111	0	
4	0	4	0	10	0.733333	0.119889	0.733333	0	0.277778	4	4	4	0	4	-0.82229	-0.82229	0	-0.65694	-0.65694	0	1.11111	1.11111	0	
1	0	1	0	10	0	0	0	0	0	0	0	0	0	0	0	0	0	0	0	0	0	0	0	
2	0	2	0	10	0.355556	0.159109	0.355556	0	0.355556	1	1	1	0	1	0.014992	0.014992	0	0.4167	0.4167	0	0.355556	0.355556	0	
1	0	1	0	10	0	0	0	0	0	0	0	0	0	0	0	0	0	0	0	0	0	0	0	
5	0	5	0	10	0.844444	0.0795543	0.844444	0	0.461111	8	8	8	0	8	1.31359	1.31359	0	0.808434	0.808434	0	3.68889	3.68889	0	
2	0	2	0	10	0.2	0.154143	0.2	0	0.2	1	1	1	0	1	-1.11173	-1.11173	0	-0.339314	-0.339314	0	0.2	0.2	0	
6	0	6	0	10	0.888889	0.0754247	0.888889	0	0.425397	7	7	7	0	7	0.861666	0.861666	0	-0.833649	-0.833649	0	2.97778	2.97778	0	
5	0	5	0	10	0.8	0.100133	0.8	0	0.478632	13	13	13	0	13	1.61102	1.61102	0	2.16385	2.16385	0	6.22222	6.22222	0	
3	0	3	0	10	0.644444	0.101237	0.644444	0	0.366667	2	2	2	0	2	0.120301	0.120301	0	-0.100592	-0.100592	0	0.733333	0.733333	0	
3	0	3	0	10	0.733333	0.0764199	0.733333	0	0.472727	11	11	11	0	11	1.5105	1.5105	0	5.0325	5.0325	0	5.2	5.2	0	
4	0	4	0	10	0.733333	0.100532	0.733333	0	0.366667	4	4	4	0	4	0.143162	0.143162	0	-0.0767804	-0.0767804	0	1.46667	1.46667	0	
5	0	5	0	10	0.755556	0.129546	0.755556	0	0.366667	4	4	4	0	4	0.143162	0.143162	0	-1.31974	-1.31974	0	1.46667	1.46667	0	
5	0	5	0	10	0.666667	0.163299	0.666667	0	0.333333	6	6	6	0	6	-0.235852	-0.235852	0	-0.602192	-0.602192	0	2	2	0	
3	0	3	0	10	0.6	0.130537	0.6	0	0.377778	3	3	3	0	3	0.24725	0.24725	0	0.722822	0.722822	0	1.13333	1.13333	0	
5	0	5	0	10	0.755556	0.129546	0.755556	0	0.425926	6	6	6	0	6	0.847798	0.847798	0	-0.0450542	-0.0450542	0	2.55556	2.55556	0	
4	0	4	0	10	0.733333	0.119889	0.733333	0	0.362963	3	3	3	0	3	0.0964614	0.0964614	0	-0.698978	-0.698978	0	1.08889	1.08889	0	
4	0	4	0	10	0.533333	0.180074	0.533333	0	0.284444	5	5	5	0	5	-0.783184	-0.783184	0	-0.141577	-0.141577	0	1.42222	1.42222	0	
4	0	4	0	10	0.777778	0.0906765	0.777778	0	0.486111	8	8	8	0	8	1.61872	1.61872	0	2.23945	2.23945	0	3.88889	3.88889	0	
3	0	3	0	10	0.6	0.130537	0.6	0	0.333333	2	2	2	0	2	-0.183929	-0.183929	0	-0.27178	-0.27178	0	0.666667	0.666667	0	
4	0	4	0	10	0.733333	0.119889	0.733333	0	0.44127	7	7	7	0	7	1.05186	1.05186	0	1.62246	1.62246	0	3.08889	3.08889	0	
6	0	6	0	10	0.844444	0.102935	0.844444	0	0.327273	11	11	11	0	11	-0.332055	-0.332055	0	-0.382624	-0.382624	0	3.6	3.6	0	
7	0	7	0	10	0.866667	0.107207	0.866667	0	0.2	7	7	7	0	7	-1.83913	-1.83913	0	-4.52265	-4.52265	0	1.4	1.4	0	
4	0	4	0	10	0.711111	0.117454	0.711111	0	0.311111	3	3	3	0	3	-0.4313	-0.4313	0	-1.02041	-1.02041	0	0.933333	0.933333	0	
2	0	2	0	10	0.355556	0.159109	0.355556	0	0.355556	1	1	1	0	1	0.014992	0.014992	0	0.4167	0.4167	0	0.355556	0.355556	0	
4	0	4	0	10	0.644444	0.151819	0.644444	0	0.390476	7	7	7	0	7	0.443234	0.443234	0	1.31745	1.31745	0	2.73333	2.73333	0	
5	0	5	0	10	0.866667	0.0713676	0.866667	0	0.385185	6	6	6	0	6	0.370992	0.370992	0	-0.273585	-0.273585	0	2.31111	2.31111	0	
1	0	1	0	10	0	0	0	0	0	0	0	0	0	0	0	0	0	0	0	0	0	0	0	
3	0	3	0	10	0.511111	0.164303	0.511111	0	0.293333	5	5	5	0	5	-0.682351	-0.682351	0	1.26028	1.26028	0	1.46667	1.46667	0	
3	0	3	0	10	0.644444	0.101237	0.644444	0	0.366667	2	2	2	0	2	0.120301	0.120301	0	-0.100592	-0.100592	0	0.733333	0.733333	0	
5	0	5	0	10	0.822222	0.0969307	0.822222	0	0.305556	4	4	4	0	4	-0.520586	-0.520586	0	-1.75772	-1.75772	0	1.22222	1.22222	0	
2	0	2	0	10	0.533333	0.0946573	0.533333	0	0.533333	1	1	1	0	1	1.30268	1.30268	0	1.02917	1.02917	0	0.533333	0.533333	0	
2	0	2	0	10	0.355556	0.159109	0.355556	0	0.355556	1	1	1	0	1	0.014992	0.014992	0	0.4167	0.4167	0	0.355556	0.355556	0	
4	0	4	0	10	0.733333	0.119889	0.733333	0	0.324444	5	5	5	0	5	-0.329436	-0.329436	0	0.137067	0.137067	0	1.62222	1.62222	0	
5	0	5	0	10	0.8	0.100133	0.8	0	0.288889	10	10	10	0	10	-0.80999	-0.80999	0	0.235427	0.235427	0	2.88889	2.88889	0	
5	0	5	0	10	0.866667	0.0713676	0.866667	0	0.417778	5	5	5	0	5	0.729309	0.729309	0	-0.50321	-0.50321	0	2.08889	2.08889	0	
4	0	4	0	10	0.644444	0.151819	0.644444	0	0.406061	11	11	11	0	11	0.665995	0.665995	0	2.64184	2.64184	0	4.46667	4.46667	0	
3	0	3	0	10	0.711111	0.0859974	0.711111	0	0.414815	3	3	3	0	3	0.624223	0.624223	0	0.912362	0.912362	0	1.24444	1.24444	0	
4	0	4	0	10	0.733333	0.100532	0.733333	0	0.413333	5	5	5	0	5	0.678893	0.678893	0	0.665554	0.665554	0	2.06667	2.06667	0	
3	0	3	0	10	0.511111	0.164303	0.511111	0	0.277778	2	2	2	0	2	-0.69098	-0.69098	0	-0.593814	-0.593814	0	0.555556	0.555556	0	
1	0	1	0	10	0	0	0	0	0	0	0	0	0	0	0	0	0	0	0	0	0	0	0	
5	0	5	0	10	0.8	0.100133	0.8	0	0.473333	10	10	10	0	10	1.50279	1.50279	0	1.42632	1.42632	0	4.73333	4.73333	0	
4	0	4	0	10	0.777778	0.0906765	0.777778	0	0.471111	5	5	5	0	5	1.33431	1.33431	0	0.963749	0.963749	0	2.35556	2.35556	0	
2	0	2	0	10	0.533333	0.0946573	0.533333	0	0.533333	1	1	1	0	1	1.30268	1.30268	0	1.02917	1.02917	0	0.533333	0.533333	0	
5	0	5	0	10	0.8	0.100133	0.8	0	0.305556	4	4	4	0	4	-0.520586	-0.520586	0	-1.75772	-1.75772	0	1.22222	1.22222	0	
4	0	4	0	10	0.733333	0.119889	0.733333	0	0.303704	3	3	3	0	3	-0.506695	-0.506695	0	-1.07085	-1.07085	0	0.911111	0.911111	0	
3	0	3	0	10	0.511111	0.164303	0.511111	0	0.42963	3	3	3	0	3	0.775012	0.775012	0	0.984981	0.984981	0	1.28889	1.28889	0	
6	0	6	0	10	0.888889	0.0754247	0.888889	0	0.335043	13	13	13	0	13	-0.237418	-0.237418	0	0.064063	0.064063	0	4.35556	4.35556	0	
2	0	2	0	10	0.2	0.154143	0.2	0	0.2	1	1	1	0	1	-1.11173	-1.11173	0	-0.339314	-0.339314	0	0.2	0.2	0	
2	0	2	0	10	0.2	0.154143	0.2	0	0.2	5	5	5	0	5	-1.7411	-1.7411	0	2.19722	2.19722	0	1	1	0	
5	0	5	0	10	0.666667	0.163299	0.666667	0	0.2	5	5	5	0	5	-1.7411	-1.7411	0	-2.25975	-2.25975	0	1	1	0	
4	0	4	0	10	0.644444	0.151819	0.644444	0	0.311111	3	3	3	0	3	-0.4313	-0.4313	0	-1.02041	-1.02041	0	0.933333	0.933333	0	
4	0	4	0	10	0.777778	0.0906765	0.777778	0	0.362963	3	3	3	0	3	0.0964614	0.0964614	0	-0.698978	-0.698978	0	1.08889	1.08889	0	
5	0	5	0	10	0.755556	0.129546	0.755556	0	0.266667	5	5	5	0	5	-0.984849	-0.984849	0	-1.54678	-1.54678	0	1.33333	1.33333	0	
4	0	4	0	10	0.533333	0.180074	0.533333	0	0.2	6	6	6	0	6	-1.79631	-1.79631	0	-0.496767	-0.496767	0	1.2	1.2	0	
5	0	5	0	10	0.844444	0.0795543	0.844444	0	0.344444	8	8	8	0	8	-0.110351	-0.110351	0	0.126975	0.126975	0	2.75556	2.75556	0	
4	0	4	0	10	0.711111	0.117454	0.711111	0	0.395833	16	16	16	0	16	0.554575	0.554575	0	3.77932	3.77932	0	6.33333	6.33333	0	
4	0	4	0	10	0.644444	0.151819	0.644444	0	0.297778	5	5	5	0	5	-0.631934	-0.631934	0	-0.0450416	-0.0450416	0	1.48889	1.48889	0	
4	0	4	0	10	0.822222	0.0716163	0.822222	0	0.371429	7	7	7	0	7	0.214998	0.214998	0	1.19657	1.19657	0	2.6	2.6	0	
4	0	4	0	10	0.533333	0.180074	0.533333	0	0.2	3	3	3	0	3	-1.56222	-1.56222	0	-1.96374	-1.96374	0	0.6	0.6	0	
4	0	4	0	10	0.711111	0.117454	0.711111	0	0.408889	5	5	5	0	5	0.628476	0.628476	0	0.641374	0.641374	0	2.04444	2.04444	0	
6	0	6	0	10	0.866667	0.0850098	0.866667	0	0.233333	8	8	8	0	8	-1.46649	-1.46649	0	-2.01642	-2.01642	0	1.86667	1.86667	0	
4	0	4	0	10	0.777778	0.0906765	0.777778	0	0.397222	8	8	8	0	8	0.533813	0.533813	0	1.6953	1.6953	0	3.17778	3.17778	0	
6	0	6	0	10	0.888889	0.0754247	0.888889	0	0.28642	9	9	9	0	9	-0.830773	-0.830773	0	-1.1853	-1.1853	0	2.57778	2.57778	0	
3	0	3	0	10	0.644444	0.101237	0.644444	0	0.422222	3	3	3	0	3	0.699617	0.699617	0	0.948883	0.948883	0	1.26667	1.26667	0	
4	0	4	0	10	0.777778	0.0906765	0.777778	0	0.397531	9	9	9	0	9	0.545604	0.545604	0	2.00905	2.00905	0	3.57778	3.57778	0	
5	0	5	0	10	0.844444	0.0795543	0.844444	0	0.479365	7	7	7	0	7	1.50834	1.50834	0	0.583521	0.583521	0	3.35556	3.35556	0	
3	0	3	0	10	0.377778	0.181279	0.377778	0	0.303704	3	3	3	0	3	-0.506695	-0.506695	0	0.299793	0.299793	0	0.911111	0.911111	0	
6	0	6	0	10	0.844444	0.102935	0.844444	0	0.315556	5	5	5	0	5	-0.430269	-0.430269	0	-2.48114	-2.48114	0	1.57778	1.57778	0	
3	0	3	0	10	0.711111	0.0859974	0.711111	0	0.533333	4	4	4	0	4	1.95339	1.95339	0	2.14576	2.14576	0	2.13333	2.13333	0	
5	0	5	0	10	0.755556	0.129546	0.755556	0	0.413072	17	17	17	0	17	0.783823	0.783823	0	2.51521	2.51521	0	7.02222	7.02222	0	
4	0	4	0	10	0.733333	0.119889	0.733333	0	0.474747	11	11	11	0	11	1.53609	1.53609	0	3.12798	3.12798	0	5.22222	5.22222	0	
4	0	4	0	10	0.644444	0.151819	0.644444	0	0.238889	4	4	4	0	4	-1.24468	-1.24468	0	-0.971216	-0.971216	0	0.955556	0.955556	0	
5	0	5	0	10	0.8	0.100133	0.8	0	0.416667	12	12	12	0	12	0.807303	0.807303	0	1.56845	1.56845	0	5	5	0	
4	0	4	0	10	0.533333	0.180074	0.533333	0	0.2	7	7	7	0	7	-1.83913	-1.83913	0	-0.174668	-0.174668	0	1.4	1.4	0	
6	0	6	0	10	0.844444	0.102935	0.844444	0	0.253333	5	5	5	0	5	-1.1361	-1.1361	0	-3.12749	-3.12749	0	1.26667	1.26667	0	
4	0	4	0	10	0.644444	0.151819	0.644444	0	0.266667	8	8	8	0	8	-1.05965	-1.05965	0	0.736945	0.736945	0	2.13333	2.13333	0	
4	0	4	0	10	0.733333	0.119889	0.733333	0	0.297778	5	5	5	0	5	-0.631934	-0.631934	0	-0.0450416	-0.0450416	0	1.48889	1.48889	0	
4	0	4	0	10	0.8	0.0758947	0.8	0	0.4	4	4	4	0	4	0.505207	0.505207	0	0.107641	0.107641	0	1.6	1.6	0	
4	0	4	0	10	0.644444	0.151819	0.644444	0	0.362963	3	3	3	0	3	0.0964614	0.0964614	0	-0.698978	-0.698978	0	1.08889	1.08889	0	
3	0	3	0	10	0.511111	0.164303	0.511111	0	0.303704	3	3	3	0	3	-0.506695	-0.506695	0	0.299793	0.299793	0	0.911111	0.911111	0	
3	0	3	0	10	0.644444	0.101237	0.644444	0	0.366667	2	2	2	0	2	0.120301	0.120301	0	-0.100592	-0.100592	0	0.733333	0.733333	0	
5	0	5	0	10	0.844444	0.0795543	0.844444	0	0.373333	5	5	5	0	5	0.225145	0.225145	0	-0.759769	-0.759769	0	1.86667	1.86667	0	
3	0	3	0	10	0.6	0.130537	0.6	0	0.373333	5	5	5	0	5	0.225145	0.225145	0	1.81329	1.81329	0	1.86667	1.86667	0	
4	0	4	0	10	0.777778	0.0906765	0.777778	0	0.468687	11	11	11	0	11	1.45932	1.45932	0	3.08666	3.08666	0	5.15556	5.15556	0	
5	0	5	0	10	0.844444	0.0795543	0.844444	0	0.4	6	6	6	0	6	0.544376	0.544376	0	-0.187878	-0.187878	0	2.4	2.4	0	
4	0	4	0	10	0.533333	0.180074	0.533333	0	0.277778	4	4	4	0	4	-0.82229	-0.82229	0	-0.65694	-0.65694	0	1.11111	1.11111	0	
6	0	6	0	10	0.777778	0.137437	0.777778	0	0.281481	6	6	6	0	6	-0.842697	-0.842697	0	-2.29007	-2.29007	0	1.68889	1.68889	0	
3	0	3	0	10	0.644444	0.101237	0.644444	0	0.318519	3	3	3	0	3	-0.355906	-0.355906	0	0.390095	0.390095	0	0.955556	0.955556	0	
6	0	6	0	10	0.888889	0.0754247	0.888889	0	0.284444	5	5	5	0	5	-0.783184	-0.783184	0	-2.7808	-2.7808	0	1.42222	1.42222	0	
4	0	4	0	10	0.533333	0.180074	0.533333	0	0.318954	17	17	17	0	17	-0.454243	-0.454243	0	3.25031	3.25031	0	5.42222	5.42222	0	
1	0	1	0	10	0	0	0	0	0	0	0	0	0	0	0	0	0	0	0	0	0	0	0	
3	0	3	0	10	0.6	0.130537	0.6	0	0.333333	2	2	2	0	2	-0.183929	-0.183929	0	-0.27178	-0.27178	0	0.666667	0.666667	0	
5	0	5	0	10	0.755556	0.129546	0.755556	0	0.395556	5	5	5	0	5	0.477227	0.477227	0	-0.627661	-0.627661	0	1.97778	1.97778	0	
5	0	5	0	10	0.755556	0.129546	0.755556	0	0.234568	9	9	9	0	9	-1.47308	-1.47308	0	-0.47915	-0.47915	0	2.11111	2.11111	0	
3	0	3	0	10	0.644444	0.101237	0.644444	0	0.535185	12	12	12	0	12	2.32169	2.32169	0	5.92114	5.92114	0	6.42222	6.42222	0	
6	0	6	0	10	0.844444	0.102935	0.844444	0	0.375309	9	9	9	0	9	0.270329	0.270329	0	-0.532999	-0.532999	0	3.37778	3.37778	0	
2	0	2	0	10	0.355556	0.159109	0.355556	0	0.355556	1	1	1	0	1	0.014992	0.014992	0	0.4167	0.4167	0	0.355556	0.355556	0	
4	0	4	0	10	0.777778	0.0906765	0.777778	0	0.427778	4	4	4	0	4	0.806911	0.806911	0	0.251449	0.251449	0	1.71111	1.71111	0	
6	0	6	0	10	0.888889	0.0754247	0.888889	0	0.306667	5	5	5	0	5	-0.531102	-0.531102	0	-2.56262	-2.56262	0	1.53333	1.53333	0	
6	0	6	0	10	0.888889	0.0754247	0.888889	0	0.439766	19	19	19	0	19	1.14365	1.14365	0	1.65289	1.65289	0	8.35556	8.35556	0	
4	0	4	0	10	0.733333	0.100532	0.733333	0	0.413333	5	5	5	0	5	0.678893	0.678893	0	0.665554	0.665554	0	2.06667	2.06667	0	
4	0	4	0	10	0.777778	0.0906765	0.777778	0	0.444444	6	6	6	0	6	1.06453	1.06453	0	1.2575	1.2575	0	2.66667	2.66667	0	
4	0	4	0	10	0.777778	0.0906765	0.777778	0	0.391111	5	5	5	0	5	0.426811	0.426811	0	0.542604	0.542604	0	1.95556	1.95556	0	
3	0	3	0	10	0.511111	0.164303	0.511111	0	0.4	4	4	4	0	4	0.505207	0.505207	0	1.45344	1.45344	0	1.6	1.6	0	
4	0	4	0	10	0.777778	0.0906765	0.777778	0	0.305556	4	4	4	0	4	-0.520586	-0.520586	0	-0.458546	-0.458546	0	1.22222	1.22222	0	
2	0	2	0	10	0.466667	0.131757	0.466667	0	0.466667	1	1	1	0	1	0.819796	0.819796	0	0.818008	0.818008	0	0.466667	0.466667	0	
5	0	5	0	10	0.755556	0.129546	0.755556	0	0.39798	11	11	11	0	11	0.563631	0.563631	0	1.22807	1.22807	0	4.37778	4.37778	0	
7	0	7	0	10	0.866667	0.107207	0.866667	0	0.228283	11	11	11	0	11	-1.58602	-1.58602	0	-2.56294	-2.56294	0	2.51111	2.51111	0	
4	0	4	0	10	0.644444	0.151819	0.644444	0	0.324444	15	15	15	0	15	-0.378416	-0.378416	0	2.90422	2.90422	0	4.86667	4.86667	0	
6	0	6	0	10	0.911111	0.0620394	0.911111	0	0.344444	8	8	8	0	8	-0.110351	-0.110351	0	-1.02153	-1.02153	0	2.75556	2.75556	0	
3	0	3	0	10	0.644444	0.101237	0.644444	0	0.485714	7	7	7	0	7	1.58441	1.58441	0	3.49347	3.49347	0	3.4	3.4	0	
2	0	2	0	10	0.355556	0.159109	0.355556	0	0.355556	1	1	1	0	1	0.014992	0.014992	0	0.4167	0.4167	0	0.355556	0.355556	0	
4	0	4	0	10	0.822222	0.0716163	0.822222	0	0.422222	3	3	3	0	3	0.699617	0.699617	0	-0.384079	-0.384079	0	1.26667	1.26667	0	
2	0	2	0	10	0.355556	0.159109	0.355556	0	0.355556	1	1	1	0	1	0.014992	0.014992	0	0.4167	0.4167	0	0.355556	0.355556	0	
3	0	3	0	10	0.711111	0.0859974	0.711111	0	0.457143	7	7	7	0	7	1.24206	1.24206	0	3.29954	3.29954	0	3.2	3.2	0	
5	0	5	0	10	0.866667	0.0713676	0.866667	0	0.408889	5	5	5	0	5	0.628476	0.628476	0	-0.552137	-0.552137	0	2.04444	2.04444	0	
6	0	6	0	10	0.888889	0.0754247	0.888889	0	0.344444	6	6	6	0	6	-0.105814	-0.105814	0	-1.74647	-1.74647	0	2.06667	2.06667	0	
3	0	3	0	10	0.6	0.130537	0.6	0	0.333333	2	2	2	0	2	-0.183929	-0.183929	0	-0.27178	-0.27178	0	0.666667	0.666667	0	
5	0	5	0	10	0.822222	0.0969307	0.822222	0	0.444444	7	7	7	0	7	1.0899	1.0899	0	0.406729	0.406729	0	3.11111	3.11111	0	
3	0	3	0	10	0.377778	0.181279	0.377778	0	0.2	2	2	2	0	2	-1.40085	-1.40085	0	-1.16394	-1.16394	0	0.4	0.4	0	
5	0	5	0	10	0.8	0.100133	0.8	0	0.435556	10	10	10	0	10	1.02909	1.02909	0	1.21531	1.21531	0	4.35556	4.35556	0	
2	0	2	0	10	0.2	0.154143	0.2	0	0.2	1	1	1	0	1	-1.11173	-1.11173	0	-0.339314	-0.339314	0	0.2	0.2	0	
4	0	4	0	10	0.711111	0.117454	0.711111	0	0.413333	5	5	5	0	5	0.678893	0.678893	0	0.665554	0.665554	0	2.06667	2.06667	0	
5	0	5	0	10	0.666667	0.163299	0.666667	0	0.2	14	14	14	0	14	-1.98865	-1.98865	0	0.163641	0.163641	0	2.8	2.8	0	
3	0	3	0	10	0.688889	0.103837	0.688889	0	0.455556	2	2	2	0	2	0.931582	0.931582	0	0.299793	0.299793	0	0.911111	0.911111	0	
5	0	5	0	10	0.8	0.100133	0.8	0	0.283333	4	4	4	0	4	-0.761949	-0.761949	0	-1.94393	-1.94393	0	1.13333	1.13333	0	
6	0	6	0	10	0.844444	0.102935	0.844444	0	0.393651	7	7	7	0	7	0.481273	0.481273	0	-1.02153	-1.02153	0	2.75556	2.75556	0	
4	0	4	0	10	0.644444	0.151819	0.644444	0	0.340741	3	3	3	0	3	-0.129722	-0.129722	0	-0.83052	-0.83052	0	1.02222	1.02222	0	
3	0	3	0	10	0.711111	0.0859974	0.711111	0	0.533333	8	8	8	0	8	2.19508	2.19508	0	4.27551	4.27551	0	4.26667	4.26667	0	
6	0	6	0	10	0.777778	0.137437	0.777778	0	0.281481	6	6	6	0	6	-0.842697	-0.842697	0	-2.29007	-2.29007	0	1.68889	1.68889	0	
5	0	5	0	10	0.844444	0.0795543	0.844444	0	0.419048	7	7	7	0	7	0.785588	0.785588	0	0.270586	0.270586	0	2.93333	2.93333	0	
2	0	2	0	10	0.466667	0.131757	0.466667	0	0.466667	1	1	1	0	1	0.819796	0.819796	0	0.818008	0.818008	0	0.466667	0.466667	0	
3	0	3	0	10	0.733333	0.0764199	0.733333	0	0.488889	3	3	3	0	3	1.37817	1.37817	0	1.26028	1.26028	0	1.46667	1.46667	0	
4	0	4	0	10	0.733333	0.119889	0.733333	0	0.404444	10	10	10	0	10	0.638979	0.638979	0	2.35082	2.35082	0	4.04444	4.04444	0	
5	0	5	0	10	0.822222	0.0969307	0.822222	0	0.359259	6	6	6	0	6	0.0675697	0.0675697	0	-0.431806	-0.431806	0	2.15556	2.15556	0	
4	0	4	0	10	0.8	0.0888444	0.8	0	0.355556	3	3	3	0	3	0.0210669	0.0210669	0	-0.741892	-0.741892	0	1.06667	1.06667	0	
4	0	4	0	10	0.711111	0.117454	0.711111	0	0.337037	6	6	6	0	6	-0.192506	-0.192506	0	0.616994	0.616994	0	2.02222	2.02222	0	
4	0	4	0	10	0.533333	0.180074	0.533333	0	0.2	9	9	9	0	9	-1.90129	-1.90129	0	0.360986	0.360986	0	1.8	1.8	0	
4	0	4	0	10	0.711111	0.117454	0.711111	0	0.422222	6	6	6	0	6	0.804452	0.804452	0	1.1346	1.1346	0	2.53333	2.53333	0	
3	0	3	0	10	0.688889	0.103837	0.688889	0	0.411111	4	4	4	0	4	0.625888	0.625888	0	1.51568	1.51568	0	1.64444	1.64444	0	
6	0	6	0	10	0.888889	0.0754247	0.888889	0	0.462963	12	12	12	0	12	1.39886	1.39886	0	0.638306	0.638306	0	5.55556	5.55556	0	
2	0	2	0	10	0.355556	0.159109	0.355556	0	0.355556	1	1	1	0	1	0.014992	0.014992	0	0.4167	0.4167	0	0.355556	0.355556	0	
6	0	6	0	10	0.844444	0.102935	0.844444	0	0.234568	9	9	9	0	9	-1.47308	-1.47308	0	-1.69102	-1.69102	0	2.11111	2.11111	0	
5	0	5	0	10	0.844444	0.0795543	0.844444	0	0.368889	5	5	5	0	5	0.174728	0.174728	0	-0.787208	-0.787208	0	1.84444	1.84444	0	
3	0	3	0	10	0.622222	0.138307	0.622222	0	0.385185	6	6	6	0	6	0.370992	0.370992	0	2.35538	2.35538	0	2.31111	2.31111	0	
4	0	4	0	10	0.733333	0.119889	0.733333	0	0.405556	4	4	4	0	4	0.565548	0.565548	0	0.137067	0.137067	0	1.62222	1.62222	0	
2	0	2	0	10	0.466667	0.131757	0.466667	0	0.466667	5	5	5	0	5	1.28389	1.28389	0	4.4865	4.4865	0	2.33333	2.33333	0	
2	0	2	0	10	0.533333	0.0946573	0.533333	0	0.533333	1	1	1	0	1	1.30268	1.30268	0	1.02917	1.02917	0	0.533333	0.533333	0	
2	0	2	0	10	0.533333	0.0946573	0.533333	0	0.533333	4	4	4	0	4	1.95339	1.95339	0	4.1923	4.1923	0	2.13333	2.13333	0	
5	0	5	0	10	0.8	0.100133	0.8	0	0.305556	4	4	4	0	4	-0.520586	-0.520586	0	-1.75772	-1.75772	0	1.22222	1.22222	0	
5	0	5	0	10	0.888889	0.0596285	0.888889	0	0.414815	9	9	9	0	9	0.759707	0.759707	0	0.837202	0.837202	0	3.73333	3.73333	0	
6	0	6	0	10	0.888889	0.0754247	0.888889	0	0.394444	8	8	8	0	8	0.49991	0.49991	0	-0.694708	-0.694708	0	3.15556	3.15556	0	
5	0	5	0	10	0.755556	0.129546	0.755556	0	0.450505	11	11	11	0	11	1.229	1.229	0	1.54512	1.54512	0	4.95556	4.95556	0	
3	0	3	0	10	0.688889	0.103837	0.688889	0	0.42963	3	3	3	0	3	0.775012	0.775012	0	0.984981	0.984981	0	1.28889	1.28889	0	
3	0	3	0	10	0.622222	0.138307	0.622222	0	0.391111	5	5	5	0	5	0.426811	0.426811	0	1.92679	1.92679	0	1.95556	1.95556	0	
7	0	7	0	10	0.866667	0.107207	0.866667	0	0.323457	9	9	9	0	9	-0.371981	-0.371981	0	-2.13417	-2.13417	0	2.91111	2.91111	0	
4	0	4	0	10	0.711111	0.117454	0.711111	0	0.266667	4	4	4	0	4	-0.942971	-0.942971	0	-0.741892	-0.741892	0	1.06667	1.06667	0	
6	0	6	0	10	0.866667	0.0850098	0.866667	0	0.253333	5	5	5	0	5	-1.1361	-1.1361	0	-3.12749	-3.12749	0	1.26667	1.26667	0	
2	0	2	0	10	0.466667	0.131757	0.466667	0	0.466667	1	1	1	0	1	0.819796	0.819796	0	0.818008	0.818008	0	0.466667	0.466667	0	
3	0	3	0	10	0.377778	0.181279	0.377778	0	0.2	7	7	7	0	7	-1.83913	-1.83913	0	1.15966	1.15966	0	1.4	1.4	0	
4	0	4	0	10	0.644444	0.151819	0.644444	0	0.322222	4	4	4	0	4	-0.339564	-0.339564	0	-0.347779	-0.347779	0	1.28889	1.28889	0	
3	0	3	0	10	0.511111	0.164303	0.511111	0	0.316667	4	4	4	0	4	-0.399905	-0.399905	0	0.948883	0.948883	0	1.26667	1.26667	0	
5	0	5	0	10	0.866667	0.0713676	0.866667	0	0.320635	7	7	7	0	7	-0.393632	-0.393632	0	-0.340038	-0.340038	0	2.24444	2.24444	0	
4	0	4	0	10	0.533333	0.180074	0.533333	0	0.2	4	4	4	0	4	-1.66706	-1.66706	0	-1.34464	-1.34464	0	0.8	0.8	0	
4	0	4	0	10	0.733333	0.100532	0.733333	0	0.377778	4	4	4	0	4	0.263844	0.263844	0	-0.013722	-0.013722	0	1.51111	1.51111	0	
2	0	2	0	10	0.466667	0.131757	0.466667	0	0.466667	3	3	3	0	3	1.15198	1.15198	0	2.98462	2.98462	0	1.4	1.4	0	
5	0	5	0	10	0.8	0.100133	0.8	0	0.388889	4	4	4	0	4	0.384525	0.384525	0	-1.18141	-1.18141	0	1.55556	1.55556	0	
4	0	4	0	10	0.711111	0.117454	0.711111	0	0.416667	4	4	4	0	4	0.686229	0.686229	0	0.194901	0.194901	0	1.66667	1.66667	0	
2	0	2	0	10	0.2	0.154143	0.2	0	0.2	3	3	3	0	3	-1.56222	-1.56222	0	1.22453	1.22453	0	0.6	0.6	0	
2	0	2	0	10	0.355556	0.159109	0.355556	0	0.355556	2	2	2	0	2	0.0188908	0.0188908	0	1.52347	1.52347	0	0.711111	0.711111	0	
7	0	7	0	10	0.866667	0.107207	0.866667	0	0.290909	11	11	11	0	11	-0.792694	-0.792694	0	-1.87193	-1.87193	0	3.2	3.2	0	
3	0	3	0	10	0.6	0.130537	0.6	0	0.5	2	2	2	0	2	1.33722	1.33722	0	0.477271	0.477271	0	1	1	0	
5	0	5	0	10	0.844444	0.0795543	0.844444	0	0.404444	5	5	5	0	5	0.57806	0.57806	0	-0.57702	-0.57702	0	2.02222	2.02222	0	
5	0	5	0	10	0.8	0.100133	0.8	0	0.384444	10	10	10	0	10	0.388196	0.388196	0	0.907989	0.907989	0	3.84444	3.84444	0	
4	0	4	0	10	0.733333	0.119889	0.733333	0	0.303704	3	3	3	0	3	-0.506695	-0.506695	0	-1.07085	-1.07085	0	0.911111	0.911111	0	
3	0	3	0	10	0.511111	0.164303	0.511111	0	0.303704	3	3	3	0	3	-0.506695	-0.506695	0	0.299793	0.299793	0	0.911111	0.911111	0	
3	0	3	0	10	0.6	0.130537	0.6	0	0.511111	12	12	12	0	12	2.01408	2.01408	0	5.72021	5.72021	0	6.13333	6.13333	0	
3	0	3	0	10	0.688889	0.103837	0.688889	0	0.505556	4	4	4	0	4	1.65168	1.65168	0	2.01009	2.01009	0	2.02222	2.02222	0	
5	0	5	0	10	0.8	0.100133	0.8	0	0.377778	12	12	12	0	12	0.310395	0.310395	0	1.31612	1.31612	0	4.53333	4.53333	0	
3	0	3	0	10	0.644444	0.101237	0.644444	0	0.337778	10	10	10	0	10	-0.196965	-0.196965	0	3.4722	3.4722	0	3.37778	3.37778	0	
5	0	5	0	10	0.8	0.100133	0.8	0	0.305556	8	8	8	0	8	-0.584999	-0.584999	0	-0.146182	-0.146182	0	2.44444	2.44444	0	
3	0	3	0	10	0.6	0.130537	0.6	0	0.4	3	3	3	0	3	0.473434	0.473434	0	0.83799	0.83799	0	1.2	1.2	0	
5	0	5	0	10	0.8	0.100133	0.8	0	0.462222	5	5	5	0	5	1.23347	1.23347	0	-0.273585	-0.273585	0	2.31111	2.31111	0	
4	0	4	0	10	0.777778	0.0906765	0.777778	0	0.444444	10	10	10	0	10	1.14055	1.14055	0	2.6269	2.6269	0	4.44444	4.44444	0	
4	0	4	0	10	0.8	0.0758947	0.8	0	0.333333	4	4	4	0	4	-0.218882	-0.218882	0	-0.276923	-0.276923	0	1.33333	1.33333	0	
3	0	3	0	10	0.6	0.130537	0.6	0	0.444444	12	12	12	0	12	1.16224	1.16224	0	5.13463	5.13463	0	5.33333	5.33333	0	
2	0	2	0	10	0.533333	0.0946573	0.533333	0	0.533333	2	2	2	0	2	1.64145	1.64145	0	2.33782	2.33782	0	1.06667	1.06667	0	
4	0	4	0	10	0.533333	0.180074	0.533333	0	0.2	3	3	3	0	3	-1.56222	-1.56222	0	-1.96374	-1.96374	0	0.6	0.6	0	
4	0	4	0	10	0.733333	0.119889	0.733333	0	0.494444	4	4	4	0	4	1.531	1.531	0	0.567615	0.567615	0	1.97778	1.97778	0	
4	0	4	0	10	0.533333	0.180074	0.533333	0	0.2	4	4	4	0	4	-1.66706	-1.66706	0	-1.34464	-1.34464	0	0.8	0.8	0	
4	0	4	0	10	0.8	0.0888444	0.8	0	0.474074	9	9	9	0	9	1.49378	1.49378	0	2.50593	2.50593	0	4.26667	4.26667	0	
4	0	4	0	10	0.711111	0.117454	0.711111	0	0.303704	6	6	6	0	6	-0.582621	-0.582621	0	0.387679	0.387679	0	1.82222	1.82222	0	
4	0	4	0	10	0.733333	0.119889	0.733333	0	0.371429	7	7	7	0	7	0.214998	0.214998	0	1.19657	1.19657	0	2.6	2.6	0	
3	0	3	0	10	0.644444	0.101237	0.644444	0	0.311111	6	6	6	0	6	-0.495928	-0.495928	0	1.81329	1.81329	0	1.86667	1.86667	0	
3	0	3	0	10	0.511111	0.164303	0.511111	0	0.288889	3	3	3	0	3	-0.657484	-0.657484	0	0.206017	0.206017	0	0.866667	0.866667	0	
2	0	2	0	10	0.2	0.154143	0.2	0	0.2	2	2	2	0	2	-1.40085	-1.40085	0	0.586219	0.586219	0	0.4	0.4	0	
5	0	5	0	10	0.755556	0.129546	0.755556	0	0.327778	4	4	4	0	4	-0.279223	-0.279223	0	-1.58724	-1.58724	0	1.31111	1.31111	0	
3	0	3	0	10	0.511111	0.164303	0.511111	0	0.251852	3	3	3	0	3	-1.03446	-1.03446	0	-0.0464656	-0.0464656	0	0.755556	0.755556	0	
3	0	3	0	10	0.644444	0.101237	0.644444	0	0.553333	10	10	10	0	10	2.50592	2.50592	0	5.2853	5.2853	0	5.53333	5.53333	0	
3	0	3	0	10	0.688889	0.103837	0.688889	0	0.450794	7	7	7	0	7	1.16598	1.16598	0	3.25566	3.25566	0	3.15556	3.15556	0	
3	0	3	0	10	0.377778	0.181279	0.377778	0	0.2	4	4	4	0	4	-1.66706	-1.66706	0	0.0579335	0.0579335	0	0.8	0.8	0	
5	0	5	0	10	0.822222	0.0969307	0.822222	0	0.311111	8	8	8	0	8	-0.517192	-0.517192	0	-0.105213	-0.105213	0	2.48889	2.48889	0	
4	0	4	0	10	0.733333	0.119889	0.733333	0	0.394444	4	4	4	0	4	0.444866	0.444866	0	0.0778615	0.0778615	0	1.57778	1.57778	0	
5	0	5	0	10	0.755556	0.129546	0.755556	0	0.337778	5	5	5	0	5	-0.178187	-0.178187	0	-0.990079	-0.990079	0	1.68889	1.68889	0	
6	0	6	0	10	0.888889	0.0754247	0.888889	0	0.335556	10	10	10	0	10	-0.22483	-0.22483	0	-0.548629	-0.548629	0	3.35556	3.35556	0	
7	0	7	0	10	0.911111	0.0773448	0.911111	0	0.394872	26	26	26	0	26	0.558472	0.558472	0	0.935184	0.935184	0	10.2667	10.2667	0	
3	0	3	0	10	0.6	0.130537	0.6	0	0.373333	5	5	5	0	5	0.225145	0.225145	0	1.81329	1.81329	0	1.86667	1.86667	0	
4	0	4	0	10	0.533333	0.180074	0.533333	0	0.377778	9	9	9	0	9	0.300915	0.300915	0	1.87226	1.87226	0	3.4	3.4	0	
5	0	5	0	10	0.866667	0.0713676	0.866667	0	0.377778	5	5	5	0	5	0.275561	0.275561	0	-0.732682	-0.732682	0	1.88889	1.88889	0	
5	0	5	0	10	0.666667	0.163299	0.666667	0	0.217284	9	9	9	0	9	-1.68719	-1.68719	0	-0.653436	-0.653436	0	1.95556	1.95556	0	
1	0	1	0	10	0	0	0	0	0	0	0	0	0	0	0	0	0	0	0	0	0	0	0	
2	0	2	0	10	0.466667	0.131757	0.466667	0	0.466667	2	2	2	0	2	1.03299	1.03299	0	2.05186	2.05186	0	0.933333	0.933333	0	
1	0	1	0	10	0	0	0	0	0	0	0	0	0	0	0	0	0	0	0	0	0	0	0	
6	0	6	0	10	0.888889	0.0754247	0.888889	0	0.306667	5	5	5	0	5	-0.531102	-0.531102	0	-2.56262	-2.56262	0	1.53333	1.53333	0	
2	0	2	0	10	0.533333	0.0946573	0.533333	0	0.533333	1	1	1	0	1	1.30268	1.30268	0	1.02917	1.02917	0	0.533333	0.533333	0	
3	0	3	0	10	0.511111	0.164303	0.511111	0	0.333333	2	2	2	0	2	-0.183929	-0.183929	0	-0.27178	-0.27178	0	0.666667	0.666667	0	
1	0	1	0	10	0	0	0	0	0	0	0	0	0	0	0	0	0	0	0	0	0	0	0	
5	0	5	0	10	0.755556	0.129546	0.755556	0	0.284444	5	5	5	0	5	-0.783184	-0.783184	0	-1.39262	-1.39262	0	1.42222	1.42222	0	
5	0	5	0	10	0.755556	0.129546	0.755556	0	0.425397	7	7	7	0	7	0.861666	0.861666	0	0.305279	0.305279	0	2.97778	2.97778	0	
4	0	4	0	10	0.777778	0.0906765	0.777778	0	0.37037	3	3	3	0	3	0.171856	0.171856	0	-0.65694	-0.65694	0	1.11111	1.11111	0	
6	0	6	0	10	0.844444	0.102935	0.844444	0	0.398611	16	16	16	0	16	0.590953	0.590953	0	0.971617	0.971617	0	6.37778	6.37778	0	
5	0	5	0	10	0.755556	0.129546	0.755556	0	0.305556	4	4	4	0	4	-0.520586	-0.520586	0	-1.75772	-1.75772	0	1.22222	1.22222	0	
4	0	4	0	10	0.644444	0.151819	0.644444	0	0.277778	4	4	4	0	4	-0.82229	-0.82229	0	-0.65694	-0.65694	0	1.11111	1.11111	0	
3	0	3	0	10	0.644444	0.101237	0.644444	0	0.377778	2	2	2	0	2	0.221711	0.221711	0	-0.0464656	-0.0464656	0	0.755556	0.755556	0	
4	0	4	0	10	0.822222	0.0716163	0.822222	0	0.451852	3	3	3	0	3	1.0012	1.0012	0	-0.242321	-0.242321	0	1.35556	1.35556	0	
1	0	1	0	10	0	0	0	0	0	0	0	0	0	0	0	0	0	0	0	0	0	0	0	
4	0	4	0	10	0.711111	0.117454	0.711111	0	0.311111	3	3	3	0	3	-0.4313	-0.4313	0	-1.02041	-1.02041	0	0.933333	0.933333	0	
4	0	4	0	10	0.644444	0.151819	0.644444	0	0.403704	6	6	6	0	6	0.587722	0.587722	0	1.02882	1.02882	0	2.42222	2.42222	0	
1	0	1	0	10	0	0	0	0	0	0	0	0	0	0	0	0	0	0	0	0	0	0	0	
3	0	3	0	10	0.511111	0.164303	0.511111	0	0.333333	2	2	2	0	2	-0.183929	-0.183929	0	-0.27178	-0.27178	0	0.666667	0.666667	0	
7	0	7	0	10	0.866667	0.107207	0.866667	0	0.355556	7	7	7	0	7	0.0248011	0.0248011	0	-2.58952	-2.58952	0	2.48889	2.48889	0	
4	0	4	0	10	0.711111	0.117454	0.711111	0	0.437037	6	6	6	0	6	0.977836	0.977836	0	1.21699	1.21699	0	2.62222	2.62222	0	
3	0	3	0	10	0.644444	0.101237	0.644444	0	0.466667	5	5	5	0	5	1.28389	1.28389	0	2.38099	2.38099	0	2.33333	2.33333	0	
3	0	3	0	10	0.511111	0.164303	0.511111	0	0.288889	7	7	7	0	7	-0.774025	-0.774025	0	2.01009	2.01009	0	2.02222	2.02222	0	
3	0	3	0	10	0.733333	0.0764199	0.733333	0	0.466667	4	4	4	0	4	1.2293	1.2293	0	1.81329	1.81329	0	1.86667	1.86667	0	
4	0	4	0	10	0.777778	0.0906765	0.777778	0	0.386667	5	5	5	0	5	0.376394	0.376394	0	0.517373	0.517373	0	1.93333	1.93333	0	
3	0	3	0	10	0.377778	0.181279	0.377778	0	0.2	3	3	3	0	3	-1.56222	-1.56222	0	-0.458608	-0.458608	0	0.6	0.6	0	
4	0	4	0	10	0.733333	0.119889	0.733333	0	0.411111	4	4	4	0	4	0.625888	0.625888	0	0.16615	0.16615	0	1.64444	1.64444	0	
4	0	4	0	10	0.711111	0.117454	0.711111	0	0.322222	6	6	6	0	6	-0.36589	-0.36589	0	0.517373	0.517373	0	1.93333	1.93333	0	
6	0	6	0	10	0.844444	0.102935	0.844444	0	0.303704	9	9	9	0	9	-0.61667	-0.61667	0	-1.0413	-1.0413	0	2.73333	2.73333	0	
4	0	4	0	10	0.644444	0.151819	0.644444	0	0.297778	5	5	5	0	5	-0.631934	-0.631934	0	-0.0450416	-0.0450416	0	1.48889	1.48889	0	
3	0	3	0	10	0.377778	0.181279	0.377778	0	0.2	3	3	3	0	3	-1.56222	-1.56222	0	-0.458608	-0.458608	0	0.6	0.6	0	
2	0	2	0	10	0.533333	0.0946573	0.533333	0	0.533333	2	2	2	0	2	1.64145	1.64145	0	2.33782	2.33782	0	1.06667	1.06667	0	
7	0	7	0	10	0.911111	0.0773448	0.911111	0	0.330159	7	7	7	0	7	-0.279514	-0.279514	0	-2.81475	-2.81475	0	2.31111	2.31111	0	
5	0	5	0	10	0.755556	0.129546	0.755556	0	0.386667	5	5	5	0	5	0.376394	0.376394	0	-0.679525	-0.679525	0	1.93333	1.93333	0	
2	0	2	0	10	0.2	0.154143	0.2	0	0.2	1	1	1	0	1	-1.11173	-1.11173	0	-0.339314	-0.339314	0	0.2	0.2	0	
5	0	5	0	10	0.866667	0.0713676	0.866667	0	0.366667	4	4	4	0	4	0.143162	0.143162	0	-1.31974	-1.31974	0	1.46667	1.46667	0	
4	0	4	0	10	0.644444	0.151819	0.644444	0	0.266667	7	7	7	0	7	-1.0403	-1.0403	0	0.44029	0.44029	0	1.86667	1.86667	0	
4	0	4	0	10	0.711111	0.117454	0.711111	0	0.366667	4	4	4	0	4	0.143162	0.143162	0	-0.0767804	-0.0767804	0	1.46667	1.46667	0	
3	0	3	0	10	0.688889	0.103837	0.688889	0	0.525926	3	3	3	0	3	1.75514	1.75514	0	1.42194	1.42194	0	1.57778	1.57778	0	
4	0	4	0	10	0.777778	0.0906765	0.777778	0	0.444444	4	4	4	0	4	0.987933	0.987933	0	0.334025	0.334025	0	1.77778	1.77778	0	
5	0	5	0	10	0.844444	0.0795543	0.844444	0	0.375	8	8	8	0	8	0.262586	0.262586	0	0.322457	0.322457	0	3	3	0	
5	0	5	0	10	0.666667	0.163299	0.666667	0	0.292063	7	7	7	0	7	-0.735986	-0.735986	0	-0.552137	-0.552137	0	2.04444	2.04444	0	
5	0	5	0	10	0.8	0.100133	0.8	0	0.340741	9	9	9	0	9	-0.157878	-0.157878	0	0.373336	0.373336	0	3.06667	3.06667	0	
4	0	4	0	10	0.822222	0.0716163	0.822222	0	0.44	5	5	5	0	5	0.981391	0.981391	0	0.806707	0.806707	0	2.2	2.2	0	
3	0	3	0	10	0.644444	0.101237	0.644444	0	0.422222	6	6	6	0	6	0.804452	0.804452	0	2.60619	2.60619	0	2.53333	2.53333	0	
5	0	5	0	10	0.755556	0.129546	0.755556	0	0.215556	10	10	10	0	10	-1.72953	-1.72953	0	-0.431806	-0.431806	0	2.15556	2.15556	0	
4	0	4	0	10	0.711111	0.117454	0.711111	0	0.311111	3	3	3	0	3	-0.4313	-0.4313	0	-1.02041	-1.02041	0	0.933333	0.933333	0	
5	0	5	0	10	0.822222	0.0969307	0.822222	0	0.336508	7	7	7	0	7	-0.203435	-0.203435	0	-0.230334	-0.230334	0	2.35556	2.35556	0	
4	0	4	0	10	0.777778	0.0906765	0.777778	0	0.362963	3	3	3	0	3	0.0964614	0.0964614	0	-0.698978	-0.698978	0	1.08889	1.08889	0	
6	0	6	0	10	0.844444	0.102935	0.844444	0	0.355556	10	10	10	0	10	0.0259535	0.0259535	0	-0.411879	-0.411879	0	3.55556	3.55556	0	
2	0	2	0	10	0.533333	0.0946573	0.533333	0	0.533333	1	1	1	0	1	1.30268	1.30268	0	1.02917	1.02917	0	0.533333	0.533333	0	
2	0	2	0	10	0.355556	0.159109	0.355556	0	0.355556	1	1	1	0	1	0.014992	0.014992	0	0.4167	0.4167	0	0.355556	0.355556	0	
5	0	5	0	10	0.844444	0.0795543	0.844444	0	0.237607	13	13	13	0	13	-1.49172	-1.49172	0	0.390084	0.390084	0	3.08889	3.08889	0	
4	0	4	0	10	0.533333	0.180074	0.533333	0	0.333333	4	4	4	0	4	-0.218882	-0.218882	0	-0.276923	-0.276923	0	1.33333	1.33333	0	
4	0	4	0	10	0.777778	0.0906765	0.777778	0	0.47619	7	7	7	0	7	1.4703	1.4703	0	1.81991	1.81991	0	3.33333	3.33333	0	
2	0	2	0	10	0.2	0.154143	0.2	0	0.2	3	3	3	0	3	-1.56222	-1.56222	0	1.22453	1.22453	0	0.6	0.6	0	
3	0	3	0	10	0.6	0.130537	0.6	0	0.477778	6	6	6	0	6	1.45464	1.45464	0	2.96274	2.96274	0	2.86667	2.86667	0	
5	0	5	0	10	0.866667	0.0713676	0.866667	0	0.387654	9	9	9	0	9	0.423259	0.423259	0	0.675532	0.675532	0	3.48889	3.48889	0	
3	0	3	0	10	0.511111	0.164303	0.511111	0	0.411111	2	2	2	0	2	0.525941	0.525941	0	0.108362	0.108362	0	0.822222	0.822222	0	
5	0	5	0	10	0.8	0.100133	0.8	0	0.32	5	5	5	0	5	-0.379852	-0.379852	0	-1.11562	-1.11562	0	1.6	1.6	0	
6	0	6	0	10	0.866667	0.0850098	0.866667	0	0.268889	10	10	10	0	10	-1.06077	-1.06077	0	-1.08141	-1.08141	0	2.68889	2.68889	0	
6	0	6	0	10	0.777778	0.137437	0.777778	0	0.31746	7	7	7	0	7	-0.431671	-0.431671	0	-1.55869	-1.55869	0	2.22222	2.22222	0	
6	0	6	0	10	0.844444	0.102935	0.844444	0	0.415556	10	10	10	0	10	0.778303	0.778303	0	-0.0460042	-0.0460042	0	4.15556	4.15556	0	
5	0	5	0	10	0.8	0.100133	0.8	0	0.311111	6	6	6	0	6	-0.495928	-0.495928	0	-0.759769	-0.759769	0	1.86667	1.86667	0	
4	0	4	0	10	0.533333	0.180074	0.533333	0	0.277778	4	4	4	0	4	-0.82229	-0.82229	0	-0.65694	-0.65694	0	1.11111	1.11111	0	
3	0	3	0	10	0.644444	0.101237	0.644444	0	0.250794	7	7	7	0	7	-1.2305	-1.2305	0	1.66715	1.66715	0	1.75556	1.75556	0	
3	0	3	0	10	0.511111	0.164303	0.511111	0	0.277778	2	2	2	0	2	-0.69098	-0.69098	0	-0.593814	-0.593814	0	0.555556	0.555556	0	
2	0	2	0	10	0.2	0.154143	0.2	0	0.2	2	2	2	0	2	-1.40085	-1.40085	0	0.586219	0.586219	0	0.4	0.4	0	
5	0	5	0	10	0.755556	0.129546	0.755556	0	0.382716	9	9	9	0	9	0.362087	0.362087	0	0.645182	0.645182	0	3.44444	3.44444	0	
1	0	1	0	10	0	0	0	0	0	0	0	0	0	0	0	0	0	0	0	0	0	0	0	
3	0	3	0	10	0.377778	0.181279	0.377778	0	0.2	4	4	4	0	4	-1.66706	-1.66706	0	0.0579335	0.0579335	0	0.8	0.8	0	
5	0	5	0	10	0.755556	0.129546	0.755556	0	0.383333	8	8	8	0	8	0.364296	0.364296	0	0.373336	0.373336	0	3.06667	3.06667	0	
2	0	2	0	10	0.355556	0.159109	0.355556	0	0.355556	1	1	1	0	1	0.014992	0.014992	0	0.4167	0.4167	0	0.355556	0.355556	0	
5	0	5	0	10	0.755556	0.129546	0.755556	0	0.34321	9	9	9	0	9	-0.127291	-0.127291	0	0.390084	0.390084	0	3.08889	3.08889	0	
2	0	2	0	10	0.355556	0.159109	0.355556	0	0.355556	1	1	1	0	1	0.014992	0.014992	0	0.4167	0.4167	0	0.355556	0.355556	0	
5	0	5	0	10	0.666667	0.163299	0.666667	0	0.238095	7	7	7	0	7	-1.38265	-1.38265	0	-1.02075	-1.02075	0	1.66667	1.66667	0	
4	0	4	0	10	0.777778	0.0906765	0.777778	0	0.361111	4	4	4	0	4	0.0828215	0.0828215	0	-0.108954	-0.108954	0	1.44444	1.44444	0	
5	0	5	0	10	0.8	0.100133	0.8	0	0.388889	4	4	4	0	4	0.384525	0.384525	0	-1.18141	-1.18141	0	1.55556	1.55556	0	
5	0	5	0	10	0.8	0.100133	0.8	0	0.27037	6	6	6	0	6	-0.972735	-0.972735	0	-1.08351	-1.08351	0	1.62222	1.62222	0	
2	0	2	0	10	0.355556	0.159109	0.355556	0	0.355556	1	1	1	0	1	0.014992	0.014992	0	0.4167	0.4167	0	0.355556	0.355556	0	
6	0	6	0	10	0.911111	0.0620394	0.911111	0	0.368254	7	7	7	0	7	0.176958	0.176958	0	-1.1853	-1.1853	0	2.57778	2.57778	0	
3	0	3	0	10	0.377778	0.181279	0.377778	0	0.2	4	4	4	0	4	-1.66706	-1.66706	0	0.0579335	0.0579335	0	0.8	0.8	0	
7	0	7	0	10	0.866667	0.107207	0.866667	0	0.336752	13	13	13	0	13	-0.215413	-0.215413	0	-1.06033	-1.06033	0	4.37778	4.37778	0	
2	0	2	0	10	0.555556	0.0745356	0.555556	0	0.555556	1	1	1	0	1	1.46364	1.46364	0	1.09586	1.09586	0	0.555556	0.555556	0	
3	0	3	0	10	0.733333	0.0764199	0.733333	0	0.483333	4	4	4	0	4	1.41032	1.41032	0	1.89868	1.89868	0	1.93333	1.93333	0	
4	0	4	0	10	0.644444	0.151819	0.644444	0	0.391111	5	5	5	0	5	0.426811	0.426811	0	0.542604	0.542604	0	1.95556	1.95556	0	
3	0	3	0	10	0.6	0.130537	0.6	0	0.266667	4	4	4	0	4	-0.942971	-0.942971	0	0.602811	0.602811	0	1.06667	1.06667	0	
3	0	3	0	10	0.6	0.130537	0.6	0	0.366667	2	2	2	0	2	0.120301	0.120301	0	-0.100592	-0.100592	0	0.733333	0.733333	0	
4	0	4	0	10	0.644444	0.151819	0.644444	0	0.320988	9	9	9	0	9	-0.402567	-0.402567	0	1.45377	1.45377	0	2.88889	2.88889	0	
2	0	2	0	10	0.355556	0.159109	0.355556	0	0.355556	1	1	1	0	1	0.014992	0.014992	0	0.4167	0.4167	0	0.355556	0.355556	0	
6	0	6	0	10	0.888889	0.0754247	0.888889	0	0.37037	15	15	15	0	15	0.220011	0.220011	0	0.638306	0.638306	0	5.55556	5.55556	0	
4	0	4	0	10	0.644444	0.151819	0.644444	0	0.262222	5	5	5	0	5	-1.03527	-1.03527	0	-0.312068	-0.312068	0	1.31111	1.31111	0	
4	0	4	0	10	0.711111	0.117454	0.711111	0	0.311111	3	3	3	0	3	-0.4313	-0.4313	0	-1.02041	-1.02041	0	0.933333	0.933333	0	
2	0	2	0	10	0.2	0.154143	0.2	0	0.2	1	1	1	0	1	-1.11173	-1.11173	0	-0.339314	-0.339314	0	0.2	0.2	0	
3	0	3	0	10	0.6	0.130537	0.6	0	0.333333	2	2	2	0	2	-0.183929	-0.183929	0	-0.27178	-0.27178	0	0.666667	0.666667	0	
5	0	5	0	10	0.755556	0.129546	0.755556	0	0.362222	10	10	10	0	10	0.109548	0.109548	0	0.764776	0.764776	0	3.62222	3.62222	0	
