K_1	Ksd_1	mean_K	sd_K	tot_K	H_1	Hsd_1	mean_H	sd_H	tot_H	S_1	prS_1	mean_S	sd_S	tot_S	D_1	mean_D	sd_D	FS_1	mean_FS	sd_FS	Pi_1	mean_Pi	sd_Pi	
2	0	2	0	10	0.2	0.154143	0.2	0	0.2	2	2	2	0	2	-1.40085	-1.40085	0	0.586219	0.586219	0	0.4	0.4	0	
4	0	4	0	10	0.777778	0.0906765	0.777778	0	0.348148	6	6	6	0	6	-0.0624684	-0.0624684	0	0.689539	0.689539	0	2.08889	2.08889	0	
4	0	4	0	10	0.711111	0.117454	0.711111	0	0.407407	6	6	6	0	6	0.631068	0.631068	0	1.05024	1.05024	0	2.44444	2.44444	0	
4	0	4	0	10	0.644444	0.151819	0.644444	0	0.340741	3	3	3	0	3	-0.129722	-0.129722	0	-0.83052	-0.83052	0	1.02222	1.02222	0	
2	0	2	0	10	0.355556	0.159109	0.355556	0	0.355556	5	5	5	0	5	0.0234791	0.0234791	0	3.63567	3.63567	0	1.77778	1.77778	0	
4	0	4	0	10	0.8	0.0758947	0.8	0	0.377778	3	3	3	0	3	0.24725	0.24725	0	-0.615736	-0.615736	0	1.13333	1.13333	0	
1	0	1	0	10	0	0	0	0	0	0	0	0	0	0	0	0	0	0	0	0	0	0	0	
6	0	6	0	10	0.844444	0.102935	0.844444	0	0.325926	9	9	9	0	9	-0.341395	-0.341395	0	-0.869882	-0.869882	0	2.93333	2.93333	0	
5	0	5	0	10	0.755556	0.129546	0.755556	0	0.333333	5	5	5	0	5	-0.228603	-0.228603	0	-1.02075	-1.02075	0	1.66667	1.66667	0	
4	0	4	0	10	0.733333	0.100532	0.733333	0	0.366667	4	4	4	0	4	0.143162	0.143162	0	-0.0767804	-0.0767804	0	1.46667	1.46667	0	
4	0	4	0	10	0.733333	0.119889	0.733333	0	0.388889	6	6	6	0	6	0.414338	0.414338	0	0.941774	0.941774	0	2.33333	2.33333	0	
3	0	3	0	10	0.511111	0.164303	0.511111	0	0.298413	7	7	7	0	7	-0.659907	-0.659907	0	2.09195	2.09195	0	2.08889	2.08889	0	
2	0	2	0	10	0.2	0.154143	0.2	0	0.2	1	1	1	0	1	-1.11173	-1.11173	0	-0.339314	-0.339314	0	0.2	0.2	0	
2	0	2	0	10	0.2	0.154143	0.2	0	0.2	1	1	1	0	1	-1.11173	-1.11173	0	-0.339314	-0.339314	0	0.2	0.2	0	
2	0	2	0	10	0.2	0.154143	0.2	0	0.2	3	3	3	0	3	-1.56222	-1.56222	0	1.22453	1.22453	0	0.6	0.6	0	
1	0	1	0	10	0	0	0	0	0	0	0	0	0	0	0	0	0	0	0	0	0	0	0	
5	0	5	0	10	0.844444	0.0795543	0.844444	0	0.468519	12	12	12	0	12	1.46985	1.46985	0	1.88181	1.88181	0	5.62222	5.62222	0	
3	0	3	0	10	0.511111	0.164303	0.511111	0	0.42963	3	3	3	0	3	0.775012	0.775012	0	0.984981	0.984981	0	1.28889	1.28889	0	
3	0	3	0	10	0.6	0.130537	0.6	0	0.333333	2	2	2	0	2	-0.183929	-0.183929	0	-0.27178	-0.27178	0	0.666667	0.666667	0	
3	0	3	0	10	0.688889	0.103837	0.688889	0	0.533333	4	4	4	0	4	1.95339	1.95339	0	2.14576	2.14576	0	2.13333	2.13333	0	
2	0	2	0	10	0.2	0.154143	0.2	0	0.2	2	2	2	0	2	-1.40085	-1.40085	0	0.586219	0.586219	0	0.4	0.4	0	
2	0	2	0	10	0.466667	0.131757	0.466667	0	0.466667	4	4	4	0	4	1.2293	1.2293	0	3.7793	3.7793	0	1.86667	1.86667	0	
3	0	3	0	10	0.6	0.130537	0.6	0	0.333333	2	2	2	0	2	-0.183929	-0.183929	0	-0.27178	-0.27178	0	0.666667	0.666667	0	
3	0	3	0	10	0.711111	0.0859974	0.711111	0	0.444444	2	2	2	0	2	0.830172	0.830172	0	0.253363	0.253363	0	0.888889	0.888889	0	
2	0	2	0	10	0.466667	0.131757	0.466667	0	0.466667	1	1	1	0	1	0.819796	0.819796	0	0.818008	0.818008	0	0.466667	0.466667	0	
3	0	3	0	10	0.688889	0.103837	0.688889	0	0.525926	3	3	3	0	3	1.75514	1.75514	0	1.42194	1.42194	0	1.57778	1.57778	0	
3	0	3	0	10	0.622222	0.138307	0.622222	0	0.355556	2	2	2	0	2	0.0188908	0.0188908	0	-0.156119	-0.156119	0	0.711111	0.711111	0	
4	0	4	0	10	0.777778	0.0906765	0.777778	0	0.391667	8	8	8	0	8	0.466006	0.466006	0	1.65904	1.65904	0	3.13333	3.13333	0	
2	0	2	0	10	0.355556	0.159109	0.355556	0	0.355556	5	5	5	0	5	0.0234791	0.0234791	0	3.63567	3.63567	0	1.77778	1.77778	0	
1	0	1	0	10	0	0	0	0	0	0	0	0	0	0	0	0	0	0	0	0	0	0	0	
4	0	4	0	10	0.777778	0.0906765	0.777778	0	0.473016	14	14	14	0	14	1.5487	1.5487	0	3.93841	3.93841	0	6.62222	6.62222	0	
3	0	3	0	10	0.688889	0.103837	0.688889	0	0.483333	4	4	4	0	4	1.41032	1.41032	0	1.89868	1.89868	0	1.93333	1.93333	0	
4	0	4	0	10	0.644444	0.151819	0.644444	0	0.430769	13	13	13	0	13	0.994874	0.994874	0	3.35705	3.35705	0	5.6	5.6	0	
3	0	3	0	10	0.377778	0.181279	0.377778	0	0.303704	3	3	3	0	3	-0.506695	-0.506695	0	0.299793	0.299793	0	0.911111	0.911111	0	
3	0	3	0	10	0.6	0.130537	0.6	0	0.333333	2	2	2	0	2	-0.183929	-0.183929	0	-0.27178	-0.27178	0	0.666667	0.666667	0	
3	0	3	0	10	0.377778	0.181279	0.377778	0	0.2	4	4	4	0	4	-1.66706	-1.66706	0	0.0579335	0.0579335	0	0.8	0.8	0	
3	0	3	0	10	0.644444	0.101237	0.644444	0	0.366667	2	2	2	0	2	0.120301	0.120301	0	-0.100592	-0.100592	0	0.733333	0.733333	0	
2	0	2	0	10	0.355556	0.159109	0.355556	0	0.355556	1	1	1	0	1	0.014992	0.014992	0	0.4167	0.4167	0	0.355556	0.355556	0	
5	0	5	0	10	0.755556	0.129546	0.755556	0	0.402469	9	9	9	0	9	0.606776	0.606776	0	0.764776	0.764776	0	3.62222	3.62222	0	
3	0	3	0	10	0.6	0.130537	0.6	0	0.377778	3	3	3	0	3	0.24725	0.24725	0	0.722822	0.722822	0	1.13333	1.13333	0	
5	0	5	0	10	0.666667	0.163299	0.666667	0	0.277778	10	10	10	0	10	-0.949314	-0.949314	0	0.145374	0.145374	0	2.77778	2.77778	0	
5	0	5	0	10	0.755556	0.129546	0.755556	0	0.388889	8	8	8	0	8	0.432103	0.432103	0	0.406729	0.406729	0	3.11111	3.11111	0	
4	0	4	0	10	0.822222	0.0716163	0.822222	0	0.506173	9	9	9	0	9	1.8914	1.8914	0	2.7012	2.7012	0	4.55556	4.55556	0	
3	0	3	0	10	0.511111	0.164303	0.511111	0	0.288889	3	3	3	0	3	-0.657484	-0.657484	0	0.206017	0.206017	0	0.866667	0.866667	0	
4	0	4	0	10	0.533333	0.180074	0.533333	0	0.2	3	3	3	0	3	-1.56222	-1.56222	0	-1.96374	-1.96374	0	0.6	0.6	0	
3	0	3	0	10	0.711111	0.0859974	0.711111	0	0.533333	4	4	4	0	4	1.95339	1.95339	0	2.14576	2.14576	0	2.13333	2.13333	0	
3	0	3	0	10	0.6	0.130537	0.6	0	0.366667	2	2	2	0	2	0.120301	0.120301	0	-0.100592	-0.100592	0	0.733333	0.733333	0	
1	0	1	0	10	0	0	0	0	0	0	0	0	0	0	0	0	0	0	0	0	0	0	0	
3	0	3	0	10	0.6	0.130537	0.6	0	0.4	5	5	5	0	5	0.527643	0.527643	0	1.98249	1.98249	0	2	2	0	
5	0	5	0	10	0.844444	0.0795543	0.844444	0	0.40404	11	11	11	0	11	0.640404	0.640404	0	1.26607	1.26607	0	4.44444	4.44444	0	
2	0	2	0	10	0.355556	0.159109	0.355556	0	0.355556	7	7	7	0	7	0.0248011	0.0248011	0	4.70719	4.70719	0	2.48889	2.48889	0	
2	0	2	0	10	0.2	0.154143	0.2	0	0.2	1	1	1	0	1	-1.11173	-1.11173	0	-0.339314	-0.339314	0	0.2	0.2	0	
4	0	4	0	10	0.8	0.0758947	0.8	0	0.4	3	3	3	0	3	0.473434	0.473434	0	-0.496767	-0.496767	0	1.2	1.2	0	
4	0	4	0	10	0.711111	0.117454	0.711111	0	0.492593	6	6	6	0	6	1.62803	1.62803	0	1.51078	1.51078	0	2.95556	2.95556	0	
2	0	2	0	10	0.533333	0.0946573	0.533333	0	0.533333	3	3	3	0	3	1.83053	1.83053	0	3.33815	3.33815	0	1.6	1.6	0	
4	0	4	0	10	0.777778	0.0906765	0.777778	0	0.433333	6	6	6	0	6	0.93449	0.93449	0	1.19657	1.19657	0	2.6	2.6	0	
4	0	4	0	10	0.644444	0.151819	0.644444	0	0.288889	7	7	7	0	7	-0.774025	-0.774025	0	0.616994	0.616994	0	2.02222	2.02222	0	
2	0	2	0	10	0.2	0.154143	0.2	0	0.2	1	1	1	0	1	-1.11173	-1.11173	0	-0.339314	-0.339314	0	0.2	0.2	0	
4	0	4	0	10	0.711111	0.117454	0.711111	0	0.337778	5	5	5	0	5	-0.178187	-0.178187	0	0.223331	0.223331	0	1.68889	1.68889	0	
4	0	4	0	10	0.777778	0.0906765	0.777778	0	0.384127	7	7	7	0	7	0.367155	0.367155	0	1.27759	1.27759	0	2.68889	2.68889	0	
4	0	4	0	10	0.644444	0.151819	0.644444	0	0.251852	3	3	3	0	3	-1.03446	-1.03446	0	-1.46598	-1.46598	0	0.755556	0.755556	0	
4	0	4	0	10	0.733333	0.100532	0.733333	0	0.422222	3	3	3	0	3	0.699617	0.699617	0	-0.384079	-0.384079	0	1.26667	1.26667	0	
4	0	4	0	10	0.8	0.0888444	0.8	0	0.4	4	4	4	0	4	0.505207	0.505207	0	0.107641	0.107641	0	1.6	1.6	0	
3	0	3	0	10	0.511111	0.164303	0.511111	0	0.222222	7	7	7	0	7	-1.57285	-1.57285	0	1.39017	1.39017	0	1.55556	1.55556	0	
2	0	2	0	10	0.466667	0.131757	0.466667	0	0.466667	1	1	1	0	1	0.819796	0.819796	0	0.818008	0.818008	0	0.466667	0.466667	0	
5	0	5	0	10	0.822222	0.0969307	0.822222	0	0.38	10	10	10	0	10	0.332466	0.332466	0	0.879863	0.879863	0	3.8	3.8	0	
3	0	3	0	10	0.511111	0.164303	0.511111	0	0.377778	3	3	3	0	3	0.24725	0.24725	0	0.722822	0.722822	0	1.13333	1.13333	0	
3	0	3	0	10	0.377778	0.181279	0.377778	0	0.2	2	2	2	0	2	-1.40085	-1.40085	0	-1.16394	-1.16394	0	0.4	0.4	0	
5	0	5	0	10	0.8	0.100133	0.8	0	0.304444	10	10	10	0	10	-0.614937	-0.614937	0	0.356483	0.356483	0	3.04444	3.04444	0	
2	0	2	0	10	0.355556	0.159109	0.355556	0	0.355556	3	3	3	0	3	0.0210669	0.0210669	0	2.33782	2.33782	0	1.06667	1.06667	0	
4	0	4	0	10	0.533333	0.180074	0.533333	0	0.2	3	3	3	0	3	-1.56222	-1.56222	0	-1.96374	-1.96374	0	0.6	0.6	0	
2	0	2	0	10	0.533333	0.0946573	0.533333	0	0.533333	1	1	1	0	1	1.30268	1.30268	0	1.02917	1.02917	0	0.533333	0.533333	0	
3	0	3	0	10	0.377778	0.181279	0.377778	0	0.2	7	7	7	0	7	-1.83913	-1.83913	0	1.15966	1.15966	0	1.4	1.4	0	
2	0	2	0	10	0.533333	0.0946573	0.533333	0	0.533333	4	4	4	0	4	1.95339	1.95339	0	4.1923	4.1923	0	2.13333	2.13333	0	
5	0	5	0	10	0.755556	0.129546	0.755556	0	0.266667	5	5	5	0	5	-0.984849	-0.984849	0	-1.54678	-1.54678	0	1.33333	1.33333	0	
2	0	2	0	10	0.2	0.154143	0.2	0	0.2	1	1	1	0	1	-1.11173	-1.11173	0	-0.339314	-0.339314	0	0.2	0.2	0	
3	0	3	0	10	0.644444	0.101237	0.644444	0	0.377778	2	2	2	0	2	0.221711	0.221711	0	-0.0464656	-0.0464656	0	0.755556	0.755556	0	
3	0	3	0	10	0.688889	0.103837	0.688889	0	0.422222	3	3	3	0	3	0.699617	0.699617	0	0.948883	0.948883	0	1.26667	1.26667	0	
3	0	3	0	10	0.511111	0.164303	0.511111	0	0.316667	4	4	4	0	4	-0.399905	-0.399905	0	0.948883	0.948883	0	1.26667	1.26667	0	
3	0	3	0	10	0.377778	0.181279	0.377778	0	0.2	2	2	2	0	2	-1.40085	-1.40085	0	-1.16394	-1.16394	0	0.4	0.4	0	
3	0	3	0	10	0.644444	0.101237	0.644444	0	0.422222	3	3	3	0	3	0.699617	0.699617	0	0.948883	0.948883	0	1.26667	1.26667	0	
3	0	3	0	10	0.711111	0.0859974	0.711111	0	0.533333	2	2	2	0	2	1.64145	1.64145	0	0.602811	0.602811	0	1.06667	1.06667	0	
3	0	3	0	10	0.733333	0.0764199	0.733333	0	0.5	2	2	2	0	2	1.33722	1.33722	0	0.477271	0.477271	0	1	1	0	
2	0	2	0	10	0.355556	0.159109	0.355556	0	0.355556	1	1	1	0	1	0.014992	0.014992	0	0.4167	0.4167	0	0.355556	0.355556	0	
3	0	3	0	10	0.6	0.130537	0.6	0	0.366667	2	2	2	0	2	0.120301	0.120301	0	-0.100592	-0.100592	0	0.733333	0.733333	0	
3	0	3	0	10	0.733333	0.0764199	0.733333	0	0.5	2	2	2	0	2	1.33722	1.33722	0	0.477271	0.477271	0	1	1	0	
3	0	3	0	10	0.6	0.130537	0.6	0	0.377778	3	3	3	0	3	0.24725	0.24725	0	0.722822	0.722822	0	1.13333	1.13333	0	
4	0	4	0	10	0.733333	0.119889	0.733333	0	0.340741	3	3	3	0	3	-0.129722	-0.129722	0	-0.83052	-0.83052	0	1.02222	1.02222	0	
1	0	1	0	10	0	0	0	0	0	0	0	0	0	0	0	0	0	0	0	0	0	0	0	
2	0	2	0	10	0.355556	0.159109	0.355556	0	0.355556	2	2	2	0	2	0.0188908	0.0188908	0	1.52347	1.52347	0	0.711111	0.711111	0	
3	0	3	0	10	0.688889	0.103837	0.688889	0	0.511111	8	8	8	0	8	1.92385	1.92385	0	4.12202	4.12202	0	4.08889	4.08889	0	
1	0	1	0	10	0	0	0	0	0	0	0	0	0	0	0	0	0	0	0	0	0	0	0	
3	0	3	0	10	0.6	0.130537	0.6	0	0.422222	3	3	3	0	3	0.699617	0.699617	0	0.948883	0.948883	0	1.26667	1.26667	0	
4	0	4	0	10	0.644444	0.151819	0.644444	0	0.306173	9	9	9	0	9	-0.586084	-0.586084	0	1.33722	1.33722	0	2.75556	2.75556	0	
3	0	3	0	10	0.377778	0.181279	0.377778	0	0.2	3	3	3	0	3	-1.56222	-1.56222	0	-0.458608	-0.458608	0	0.6	0.6	0	
4	0	4	0	10	0.777778	0.0906765	0.777778	0	0.407407	3	3	3	0	3	0.548828	0.548828	0	-0.458546	-0.458546	0	1.22222	1.22222	0	
3	0	3	0	10	0.733333	0.0764199	0.733333	0	0.5	4	4	4	0	4	1.59134	1.59134	0	1.98249	1.98249	0	2	2	0	
4	0	4	0	10	0.777778	0.0906765	0.777778	0	0.541667	8	8	8	0	8	2.29679	2.29679	0	2.55161	2.55161	0	4.33333	4.33333	0	
2	0	2	0	10	0.2	0.154143	0.2	0	0.2	1	1	1	0	1	-1.11173	-1.11173	0	-0.339314	-0.339314	0	0.2	0.2	0	
4	0	4	0	10	0.777778	0.0906765	0.777778	0	0.362963	3	3	3	0	3	0.0964614	0.0964614	0	-0.698978	-0.698978	0	1.08889	1.08889	0	
4	0	4	0	10	0.533333	0.180074	0.533333	0	0.2	6	6	6	0	6	-1.79631	-1.79631	0	-0.496767	-0.496767	0	1.2	1.2	0	
3	0	3	0	10	0.733333	0.0764199	0.733333	0	0.511111	3	3	3	0	3	1.60435	1.60435	0	1.35813	1.35813	0	1.53333	1.53333	0	
3	0	3	0	10	0.511111	0.164303	0.511111	0	0.372222	4	4	4	0	4	0.203503	0.203503	0	1.29319	1.29319	0	1.48889	1.48889	0	
3	0	3	0	10	0.688889	0.103837	0.688889	0	0.433333	4	4	4	0	4	0.867251	0.867251	0	1.63731	1.63731	0	1.73333	1.73333	0	
5	0	5	0	10	0.755556	0.129546	0.755556	0	0.344444	6	6	6	0	6	-0.105814	-0.105814	0	-0.527536	-0.527536	0	2.06667	2.06667	0	
5	0	5	0	10	0.755556	0.129546	0.755556	0	0.40202	11	11	11	0	11	0.614813	0.614813	0	1.25345	1.25345	0	4.42222	4.42222	0	
2	0	2	0	10	0.355556	0.159109	0.355556	0	0.355556	4	4	4	0	4	0.0224807	0.0224807	0	3.02501	3.02501	0	1.42222	1.42222	0	
4	0	4	0	10	0.777778	0.0906765	0.777778	0	0.458333	8	8	8	0	8	1.27969	1.27969	0	2.07599	2.07599	0	3.66667	3.66667	0	
5	0	5	0	10	0.755556	0.129546	0.755556	0	0.27037	6	6	6	0	6	-0.972735	-0.972735	0	-1.08351	-1.08351	0	1.62222	1.62222	0	
3	0	3	0	10	0.377778	0.181279	0.377778	0	0.2	8	8	8	0	8	-1.87333	-1.87333	0	1.45344	1.45344	0	1.6	1.6	0	
1	0	1	0	10	0	0	0	0	0	0	0	0	0	0	0	0	0	0	0	0	0	0	0	
2	0	2	0	10	0.466667	0.131757	0.466667	0	0.466667	1	1	1	0	1	0.819796	0.819796	0	0.818008	0.818008	0	0.466667	0.466667	0	
3	0	3	0	10	0.511111	0.164303	0.511111	0	0.225926	6	6	6	0	6	-1.49289	-1.49289	0	1.0909	1.0909	0	1.35556	1.35556	0	
1	0	1	0	10	0	0	0	0	0	0	0	0	0	0	0	0	0	0	0	0	0	0	0	
5	0	5	0	10	0.866667	0.0713676	0.866667	0	0.45679	9	9	9	0	9	1.27967	1.27967	0	1.07182	1.07182	0	4.11111	4.11111	0	
4	0	4	0	10	0.711111	0.117454	0.711111	0	0.391111	5	5	5	0	5	0.426811	0.426811	0	0.542604	0.542604	0	1.95556	1.95556	0	
3	0	3	0	10	0.622222	0.138307	0.622222	0	0.355556	2	2	2	0	2	0.0188908	0.0188908	0	-0.156119	-0.156119	0	0.711111	0.711111	0	
3	0	3	0	10	0.622222	0.138307	0.622222	0	0.355556	7	7	7	0	7	0.0248011	0.0248011	0	2.55694	2.55694	0	2.48889	2.48889	0	
4	0	4	0	10	0.822222	0.0716163	0.822222	0	0.444444	5	5	5	0	5	1.03181	1.03181	0	0.829618	0.829618	0	2.22222	2.22222	0	
3	0	3	0	10	0.511111	0.164303	0.511111	0	0.4	4	4	4	0	4	0.505207	0.505207	0	1.45344	1.45344	0	1.6	1.6	0	
3	0	3	0	10	0.511111	0.164303	0.511111	0	0.333333	2	2	2	0	2	-0.183929	-0.183929	0	-0.27178	-0.27178	0	0.666667	0.666667	0	
4	0	4	0	10	0.822222	0.0716163	0.822222	0	0.387654	9	9	9	0	9	0.423259	0.423259	0	1.94116	1.94116	0	3.48889	3.48889	0	
3	0	3	0	10	0.688889	0.103837	0.688889	0	0.477778	8	8	8	0	8	1.51701	1.51701	0	3.8854	3.8854	0	3.82222	3.82222	0	
1	0	1	0	10	0	0	0	0	0	0	0	0	0	0	0	0	0	0	0	0	0	0	0	
3	0	3	0	10	0.644444	0.101237	0.644444	0	0.366667	2	2	2	0	2	0.120301	0.120301	0	-0.100592	-0.100592	0	0.733333	0.733333	0	
4	0	4	0	10	0.644444	0.151819	0.644444	0	0.372222	4	4	4	0	4	0.203503	0.203503	0	-0.0450416	-0.0450416	0	1.48889	1.48889	0	
3	0	3	0	10	0.6	0.130537	0.6	0	0.422222	3	3	3	0	3	0.699617	0.699617	0	0.948883	0.948883	0	1.26667	1.26667	0	
2	0	2	0	10	0.2	0.154143	0.2	0	0.2	5	5	5	0	5	-1.7411	-1.7411	0	2.19722	2.19722	0	1	1	0	
4	0	4	0	10	0.711111	0.117454	0.711111	0	0.311111	3	3	3	0	3	-0.4313	-0.4313	0	-1.02041	-1.02041	0	0.933333	0.933333	0	
2	0	2	0	10	0.2	0.154143	0.2	0	0.2	1	1	1	0	1	-1.11173	-1.11173	0	-0.339314	-0.339314	0	0.2	0.2	0	
3	0	3	0	10	0.733333	0.0764199	0.733333	0	0.466667	5	5	5	0	5	1.28389	1.28389	0	2.38099	2.38099	0	2.33333	2.33333	0	
3	0	3	0	10	0.688889	0.103837	0.688889	0	0.537374	11	11	11	0	11	2.32941	2.32941	0	5.562	5.562	0	5.91111	5.91111	0	
1	0	1	0	10	0	0	0	0	0	0	0	0	0	0	0	0	0	0	0	0	0	0	0	
4	0	4	0	10	0.711111	0.117454	0.711111	0	0.390476	7	7	7	0	7	0.443234	0.443234	0	1.31745	1.31745	0	2.73333	2.73333	0	
3	0	3	0	10	0.644444	0.101237	0.644444	0	0.259259	6	6	6	0	6	-1.10277	-1.10277	0	1.39017	1.39017	0	1.55556	1.55556	0	
2	0	2	0	10	0.533333	0.0946573	0.533333	0	0.533333	1	1	1	0	1	1.30268	1.30268	0	1.02917	1.02917	0	0.533333	0.533333	0	
4	0	4	0	10	0.777778	0.0906765	0.777778	0	0.395556	5	5	5	0	5	0.477227	0.477227	0	0.567615	0.567615	0	1.97778	1.97778	0	
3	0	3	0	10	0.711111	0.0859974	0.711111	0	0.444444	2	2	2	0	2	0.830172	0.830172	0	0.253363	0.253363	0	0.888889	0.888889	0	
3	0	3	0	10	0.622222	0.138307	0.622222	0	0.355556	2	2	2	0	2	0.0188908	0.0188908	0	-0.156119	-0.156119	0	0.711111	0.711111	0	
5	0	5	0	10	0.844444	0.0795543	0.844444	0	0.32	5	5	5	0	5	-0.379852	-0.379852	0	-1.11562	-1.11562	0	1.6	1.6	0	
4	0	4	0	10	0.733333	0.100532	0.733333	0	0.237037	9	9	9	0	9	-1.4425	-1.4425	0	0.736945	0.736945	0	2.13333	2.13333	0	
4	0	4	0	10	0.777778	0.0906765	0.777778	0	0.362963	3	3	3	0	3	0.0964614	0.0964614	0	-0.698978	-0.698978	0	1.08889	1.08889	0	
2	0	2	0	10	0.533333	0.0946573	0.533333	0	0.533333	1	1	1	0	1	1.30268	1.30268	0	1.02917	1.02917	0	0.533333	0.533333	0	
4	0	4	0	10	0.777778	0.0906765	0.777778	0	0.4	4	4	4	0	4	0.505207	0.505207	0	0.107641	0.107641	0	1.6	1.6	0	
2	0	2	0	10	0.2	0.154143	0.2	0	0.2	1	1	1	0	1	-1.11173	-1.11173	0	-0.339314	-0.339314	0	0.2	0.2	0	
4	0	4	0	10	0.777778	0.0906765	0.777778	0	0.444444	4	4	4	0	4	0.987933	0.987933	0	0.334025	0.334025	0	1.77778	1.77778	0	
1	0	1	0	10	0	0	0	0	0	0	0	0	0	0	0	0	0	0	0	0	0	0	0	
1	0	1	0	10	0	0	0	0	0	0	0	0	0	0	0	0	0	0	0	0	0	0	0	
3	0	3	0	10	0.688889	0.103837	0.688889	0	0.496296	3	3	3	0	3	1.45356	1.45356	0	1.29319	1.29319	0	1.48889	1.48889	0	
2	0	2	0	10	0.2	0.154143	0.2	0	0.2	1	1	1	0	1	-1.11173	-1.11173	0	-0.339314	-0.339314	0	0.2	0.2	0	
4	0	4	0	10	0.777778	0.0906765	0.777778	0	0.266667	9	9	9	0	9	-1.07546	-1.07546	0	1.00727	1.00727	0	2.4	2.4	0	
4	0	4	0	10	0.644444	0.151819	0.644444	0	0.277778	4	4	4	0	4	-0.82229	-0.82229	0	-0.65694	-0.65694	0	1.11111	1.11111	0	
1	0	1	0	10	0	0	0	0	0	0	0	0	0	0	0	0	0	0	0	0	0	0	0	
4	0	4	0	10	0.644444	0.151819	0.644444	0	0.305556	4	4	4	0	4	-0.520586	-0.520586	0	-0.458546	-0.458546	0	1.22222	1.22222	0	
3	0	3	0	10	0.688889	0.103837	0.688889	0	0.522222	6	6	6	0	6	1.97479	1.97479	0	3.2336	3.2336	0	3.13333	3.13333	0	
3	0	3	0	10	0.688889	0.103837	0.688889	0	0.533333	9	9	9	0	9	2.22784	2.22784	0	4.71749	4.71749	0	4.8	4.8	0	
3	0	3	0	10	0.688889	0.103837	0.688889	0	0.448148	6	6	6	0	6	1.10787	1.10787	0	2.77528	2.77528	0	2.68889	2.68889	0	
2	0	2	0	10	0.2	0.154143	0.2	0	0.2	1	1	1	0	1	-1.11173	-1.11173	0	-0.339314	-0.339314	0	0.2	0.2	0	
2	0	2	0	10	0.555556	0.0745356	0.555556	0	0.555556	4	4	4	0	4	2.19475	2.19475	0	4.32458	4.32458	0	2.22222	2.22222	0	
1	0	1	0	10	0	0	0	0	0	0	0	0	0	0	0	0	0	0	0	0	0	0	0	
2	0	2	0	10	0.533333	0.0946573	0.533333	0	0.533333	1	1	1	0	1	1.30268	1.30268	0	1.02917	1.02917	0	0.533333	0.533333	0	
3	0	3	0	10	0.622222	0.138307	0.622222	0	0.444444	2	2	2	0	2	0.830172	0.830172	0	0.253363	0.253363	0	0.888889	0.888889	0	
3	0	3	0	10	0.688889	0.103837	0.688889	0	0.444444	5	5	5	0	5	1.03181	1.03181	0	2.25165	2.25165	0	2.22222	2.22222	0	
4	0	4	0	10	0.733333	0.119889	0.733333	0	0.42963	6	6	6	0	6	0.891144	0.891144	0	1.17603	1.17603	0	2.57778	2.57778	0	
3	0	3	0	10	0.711111	0.0859974	0.711111	0	0.533333	4	4	4	0	4	1.95339	1.95339	0	2.14576	2.14576	0	2.13333	2.13333	0	
3	0	3	0	10	0.711111	0.0859974	0.711111	0	0.503704	6	6	6	0	6	1.75806	1.75806	0	3.12216	3.12216	0	3.02222	3.02222	0	
2	0	2	0	10	0.355556	0.159109	0.355556	0	0.355556	3	3	3	0	3	0.0210669	0.0210669	0	2.33782	2.33782	0	1.06667	1.06667	0	
3	0	3	0	10	0.511111	0.164303	0.511111	0	0.333333	2	2	2	0	2	-0.183929	-0.183929	0	-0.27178	-0.27178	0	0.666667	0.666667	0	
4	0	4	0	10	0.733333	0.100532	0.733333	0	0.266667	5	5	5	0	5	-0.984849	-0.984849	0	-0.276923	-0.276923	0	1.33333	1.33333	0	
2	0	2	0	10	0.2	0.154143	0.2	0	0.2	1	1	1	0	1	-1.11173	-1.11173	0	-0.339314	-0.339314	0	0.2	0.2	0	
3	0	3	0	10	0.688889	0.103837	0.688889	0	0.511111	2	2	2	0	2	1.43863	1.43863	0	0.519781	0.519781	0	1.02222	1.02222	0	
5	0	5	0	10	0.8	0.100133	0.8	0	0.422222	9	9	9	0	9	0.851466	0.851466	0	0.879863	0.879863	0	3.8	3.8	0	
3	0	3	0	10	0.711111	0.0859974	0.711111	0	0.533333	2	2	2	0	2	1.64145	1.64145	0	0.602811	0.602811	0	1.06667	1.06667	0	
2	0	2	0	10	0.533333	0.0946573	0.533333	0	0.533333	2	2	2	0	2	1.64145	1.64145	0	2.33782	2.33782	0	1.06667	1.06667	0	
3	0	3	0	10	0.688889	0.103837	0.688889	0	0.455556	4	4	4	0	4	1.10861	1.10861	0	1.75544	1.75544	0	1.82222	1.82222	0	
3	0	3	0	10	0.377778	0.181279	0.377778	0	0.2	2	2	2	0	2	-1.40085	-1.40085	0	-1.16394	-1.16394	0	0.4	0.4	0	
4	0	4	0	10	0.822222	0.0716163	0.822222	0	0.392593	3	3	3	0	3	0.398039	0.398039	0	-0.535684	-0.535684	0	1.17778	1.17778	0	
3	0	3	0	10	0.688889	0.103837	0.688889	0	0.488889	3	3	3	0	3	1.37817	1.37817	0	1.26028	1.26028	0	1.46667	1.46667	0	
4	0	4	0	10	0.777778	0.0906765	0.777778	0	0.460317	7	7	7	0	7	1.2801	1.2801	0	1.73126	1.73126	0	3.22222	3.22222	0	
2	0	2	0	10	0.355556	0.159109	0.355556	0	0.355556	2	2	2	0	2	0.0188908	0.0188908	0	1.52347	1.52347	0	0.711111	0.711111	0	
4	0	4	0	10	0.711111	0.117454	0.711111	0	0.428889	10	10	10	0	10	0.945492	0.945492	0	2.5212	2.5212	0	4.28889	4.28889	0	
3	0	3	0	10	0.622222	0.138307	0.622222	0	0.414815	3	3	3	0	3	0.624223	0.624223	0	0.912362	0.912362	0	1.24444	1.24444	0	
4	0	4	0	10	0.733333	0.119889	0.733333	0	0.322222	4	4	4	0	4	-0.339564	-0.339564	0	-0.347779	-0.347779	0	1.28889	1.28889	0	
3	0	3	0	10	0.711111	0.0859974	0.711111	0	0.414815	6	6	6	0	6	0.71776	0.71776	0	2.55694	2.55694	0	2.48889	2.48889	0	
4	0	4	0	10	0.822222	0.0716163	0.822222	0	0.411111	4	4	4	0	4	0.625888	0.625888	0	0.16615	0.16615	0	1.64444	1.64444	0	
1	0	1	0	10	0	0	0	0	0	0	0	0	0	0	0	0	0	0	0	0	0	0	0	
2	0	2	0	10	0.533333	0.0946573	0.533333	0	0.533333	3	3	3	0	3	1.83053	1.83053	0	3.33815	3.33815	0	1.6	1.6	0	
2	0	2	0	10	0.355556	0.159109	0.355556	0	0.355556	4	4	4	0	4	0.0224807	0.0224807	0	3.02501	3.02501	0	1.42222	1.42222	0	
4	0	4	0	10	0.711111	0.117454	0.711111	0	0.32	5	5	5	0	5	-0.379852	-0.379852	0	0.107641	0.107641	0	1.6	1.6	0	
5	0	5	0	10	0.844444	0.0795543	0.844444	0	0.438095	7	7	7	0	7	1.01382	1.01382	0	0.373336	0.373336	0	3.06667	3.06667	0	
3	0	3	0	10	0.644444	0.101237	0.644444	0	0.390123	9	9	9	0	9	0.453846	0.453846	0	3.59881	3.59881	0	3.51111	3.51111	0	
4	0	4	0	10	0.777778	0.0906765	0.777778	0	0.502778	8	8	8	0	8	1.82214	1.82214	0	2.33506	2.33506	0	4.02222	4.02222	0	
4	0	4	0	10	0.711111	0.117454	0.711111	0	0.288889	3	3	3	0	3	-0.657484	-0.657484	0	-1.1758	-1.1758	0	0.866667	0.866667	0	
4	0	4	0	10	0.733333	0.119889	0.733333	0	0.361111	12	12	12	0	12	0.097434	0.097434	0	2.55161	2.55161	0	4.33333	4.33333	0	
3	0	3	0	10	0.377778	0.181279	0.377778	0	0.231111	5	5	5	0	5	-1.38818	-1.38818	0	0.761719	0.761719	0	1.15556	1.15556	0	
3	0	3	0	10	0.6	0.130537	0.6	0	0.377778	3	3	3	0	3	0.24725	0.24725	0	0.722822	0.722822	0	1.13333	1.13333	0	
4	0	4	0	10	0.777778	0.0906765	0.777778	0	0.418519	6	6	6	0	6	0.761106	0.761106	0	1.1137	1.1137	0	2.51111	2.51111	0	
2	0	2	0	10	0.355556	0.159109	0.355556	0	0.355556	2	2	2	0	2	0.0188908	0.0188908	0	1.52347	1.52347	0	0.711111	0.711111	0	
2	0	2	0	10	0.355556	0.159109	0.355556	0	0.355556	2	2	2	0	2	0.0188908	0.0188908	0	1.52347	1.52347	0	0.711111	0.711111	0	
5	0	5	0	10	0.8	0.100133	0.8	0	0.255556	6	6	6	0	6	-1.14612	-1.14612	0	-1.21512	-1.21512	0	1.53333	1.53333	0	
2	0	2	0	10	0.355556	0.159109	0.355556	0	0.355556	1	1	1	0	1	0.014992	0.014992	0	0.4167	0.4167	0	0.355556	0.355556	0	
3	0	3	0	10	0.511111	0.164303	0.511111	0	0.288889	3	3	3	0	3	-0.657484	-0.657484	0	0.206017	0.206017	0	0.866667	0.866667	0	
2	0	2	0	10	0.466667	0.131757	0.466667	0	0.466667	1	1	1	0	1	0.819796	0.819796	0	0.818008	0.818008	0	0.466667	0.466667	0	
2	0	2	0	10	0.355556	0.159109	0.355556	0	0.355556	1	1	1	0	1	0.014992	0.014992	0	0.4167	0.4167	0	0.355556	0.355556	0	
3	0	3	0	10	0.711111	0.0859974	0.711111	0	0.391111	5	5	5	0	5	0.426811	0.426811	0	1.92679	1.92679	0	1.95556	1.95556	0	
4	0	4	0	10	0.733333	0.119889	0.733333	0	0.303704	3	3	3	0	3	-0.506695	-0.506695	0	-1.07085	-1.07085	0	0.911111	0.911111	0	
3	0	3	0	10	0.377778	0.181279	0.377778	0	0.2	5	5	5	0	5	-1.7411	-1.7411	0	0.477271	0.477271	0	1	1	0	
4	0	4	0	10	0.733333	0.119889	0.733333	0	0.422222	3	3	3	0	3	0.699617	0.699617	0	-0.384079	-0.384079	0	1.26667	1.26667	0	
4	0	4	0	10	0.644444	0.151819	0.644444	0	0.275556	10	10	10	0	10	-0.977179	-0.977179	0	1.33722	1.33722	0	2.75556	2.75556	0	
3	0	3	0	10	0.733333	0.0764199	0.733333	0	0.481481	9	9	9	0	9	1.58553	1.58553	0	4.33224	4.33224	0	4.33333	4.33333	0	
2	0	2	0	10	0.555556	0.0745356	0.555556	0	0.555556	3	3	3	0	3	2.05672	2.05672	0	3.45142	3.45142	0	1.66667	1.66667	0	
2	0	2	0	10	0.355556	0.159109	0.355556	0	0.355556	4	4	4	0	4	0.0224807	0.0224807	0	3.02501	3.02501	0	1.42222	1.42222	0	
3	0	3	0	10	0.733333	0.0764199	0.733333	0	0.466667	2	2	2	0	2	1.03299	1.03299	0	0.345355	0.345355	0	0.933333	0.933333	0	
3	0	3	0	10	0.6	0.130537	0.6	0	0.48	5	5	5	0	5	1.43514	1.43514	0	2.4571	2.4571	0	2.4	2.4	0	
1	0	1	0	10	0	0	0	0	0	0	0	0	0	0	0	0	0	0	0	0	0	0	0	
2	0	2	0	10	0.2	0.154143	0.2	0	0.2	3	3	3	0	3	-1.56222	-1.56222	0	1.22453	1.22453	0	0.6	0.6	0	
4	0	4	0	10	0.733333	0.100532	0.733333	0	0.266667	5	5	5	0	5	-0.984849	-0.984849	0	-0.276923	-0.276923	0	1.33333	1.33333	0	
2	0	2	0	10	0.466667	0.131757	0.466667	0	0.466667	1	1	1	0	1	0.819796	0.819796	0	0.818008	0.818008	0	0.466667	0.466667	0	
2	0	2	0	10	0.2	0.154143	0.2	0	0.2	3	3	3	0	3	-1.56222	-1.56222	0	1.22453	1.22453	0	0.6	0.6	0	
2	0	2	0	10	0.466667	0.131757	0.466667	0	0.466667	1	1	1	0	1	0.819796	0.819796	0	0.818008	0.818008	0	0.466667	0.466667	0	
3	0	3	0	10	0.377778	0.181279	0.377778	0	0.2	4	4	4	0	4	-1.66706	-1.66706	0	0.0579335	0.0579335	0	0.8	0.8	0	
3	0	3	0	10	0.511111	0.164303	0.511111	0	0.303704	3	3	3	0	3	-0.506695	-0.506695	0	0.299793	0.299793	0	0.911111	0.911111	0	
1	0	1	0	10	0	0	0	0	0	0	0	0	0	0	0	0	0	0	0	0	0	0	0	
3	0	3	0	10	0.688889	0.103837	0.688889	0	0.383333	4	4	4	0	4	0.324185	0.324185	0	1.35813	1.35813	0	1.53333	1.53333	0	
2	0	2	0	10	0.466667	0.131757	0.466667	0	0.466667	1	1	1	0	1	0.819796	0.819796	0	0.818008	0.818008	0	0.466667	0.466667	0	
8	0	8	0	10	0.955556	0.0594045	0.955556	0	0.434568	18	18	18	0	18	1.07087	1.07087	0	-0.863472	-0.863472	0	7.82222	7.82222	0	
3	0	3	0	10	0.377778	0.181279	0.377778	0	0.2	5	5	5	0	5	-1.7411	-1.7411	0	0.477271	0.477271	0	1	1	0	
3	0	3	0	10	0.644444	0.101237	0.644444	0	0.271111	5	5	5	0	5	-0.934433	-0.934433	0	1.0909	1.0909	0	1.35556	1.35556	0	
2	0	2	0	10	0.466667	0.131757	0.466667	0	0.466667	1	1	1	0	1	0.819796	0.819796	0	0.818008	0.818008	0	0.466667	0.466667	0	
4	0	4	0	10	0.533333	0.180074	0.533333	0	0.251852	3	3	3	0	3	-1.03446	-1.03446	0	-1.46598	-1.46598	0	0.755556	0.755556	0	
2	0	2	0	10	0.355556	0.159109	0.355556	0	0.355556	7	7	7	0	7	0.0248011	0.0248011	0	4.70719	4.70719	0	2.48889	2.48889	0	
3	0	3	0	10	0.6	0.130537	0.6	0	0.333333	2	2	2	0	2	-0.183929	-0.183929	0	-0.27178	-0.27178	0	0.666667	0.666667	0	
6	0	6	0	10	0.844444	0.102935	0.844444	0	0.355556	7	7	7	0	7	0.0248011	0.0248011	0	-1.2724	-1.2724	0	2.48889	2.48889	0	
3	0	3	0	10	0.6	0.130537	0.6	0	0.333333	2	2	2	0	2	-0.183929	-0.183929	0	-0.27178	-0.27178	0	0.666667	0.666667	0	
3	0	3	0	10	0.644444	0.101237	0.644444	0	0.484444	5	5	5	0	5	1.48556	1.48556	0	2.48223	2.48223	0	2.42222	2.42222	0	
3	0	3	0	10	0.622222	0.138307	0.622222	0	0.355556	2	2	2	0	2	0.0188908	0.0188908	0	-0.156119	-0.156119	0	0.711111	0.711111	0	
3	0	3	0	10	0.511111	0.164303	0.511111	0	0.411111	2	2	2	0	2	0.525941	0.525941	0	0.108362	0.108362	0	0.822222	0.822222	0	
2	0	2	0	10	0.355556	0.159109	0.355556	0	0.355556	1	1	1	0	1	0.014992	0.014992	0	0.4167	0.4167	0	0.355556	0.355556	0	
2	0	2	0	10	0.533333	0.0946573	0.533333	0	0.533333	3	3	3	0	3	1.83053	1.83053	0	3.33815	3.33815	0	1.6	1.6	0	
5	0	5	0	10	0.8	0.100133	0.8	0	0.386111	8	8	8	0	8	0.3982	0.3982	0	0.390084	0.390084	0	3.08889	3.08889	0	
4	0	4	0	10	0.777778	0.0906765	0.777778	0	0.435556	5	5	5	0	5	0.930975	0.930975	0	0.783627	0.783627	0	2.17778	2.17778	0	
2	0	2	0	10	0.2	0.154143	0.2	0	0.2	2	2	2	0	2	-1.40085	-1.40085	0	0.586219	0.586219	0	0.4	0.4	0	
3	0	3	0	10	0.733333	0.0764199	0.733333	0	0.488889	3	3	3	0	3	1.37817	1.37817	0	1.26028	1.26028	0	1.46667	1.46667	0	
2	0	2	0	10	0.533333	0.0946573	0.533333	0	0.533333	3	3	3	0	3	1.83053	1.83053	0	3.33815	3.33815	0	1.6	1.6	0	
4	0	4	0	10	0.644444	0.151819	0.644444	0	0.288889	3	3	3	0	3	-0.657484	-0.657484	0	-1.1758	-1.1758	0	0.866667	0.866667	0	
3	0	3	0	10	0.511111	0.164303	0.511111	0	0.368889	5	5	5	0	5	0.174728	0.174728	0	1.78446	1.78446	0	1.84444	1.84444	0	
3	0	3	0	10	0.622222	0.138307	0.622222	0	0.4	4	4	4	0	4	0.505207	0.505207	0	1.45344	1.45344	0	1.6	1.6	0	
2	0	2	0	10	0.355556	0.159109	0.355556	0	0.355556	1	1	1	0	1	0.014992	0.014992	0	0.4167	0.4167	0	0.355556	0.355556	0	
3	0	3	0	10	0.711111	0.0859974	0.711111	0	0.488889	4	4	4	0	4	1.47066	1.47066	0	1.92679	1.92679	0	1.95556	1.95556	0	
2	0	2	0	10	0.355556	0.159109	0.355556	0	0.355556	4	4	4	0	4	0.0224807	0.0224807	0	3.02501	3.02501	0	1.42222	1.42222	0	
3	0	3	0	10	0.688889	0.103837	0.688889	0	0.511111	2	2	2	0	2	1.43863	1.43863	0	0.519781	0.519781	0	1.02222	1.02222	0	
3	0	3	0	10	0.511111	0.164303	0.511111	0	0.303704	3	3	3	0	3	-0.506695	-0.506695	0	0.299793	0.299793	0	0.911111	0.911111	0	
2	0	2	0	10	0.355556	0.159109	0.355556	0	0.355556	15	15	15	0	15	0.02697	0.02697	0	7.9182	7.9182	0	5.33333	5.33333	0	
5	0	5	0	10	0.755556	0.129546	0.755556	0	0.258333	8	8	8	0	8	-1.16136	-1.16136	0	-0.527536	-0.527536	0	2.06667	2.06667	0	
3	0	3	0	10	0.6	0.130537	0.6	0	0.311111	3	3	3	0	3	-0.4313	-0.4313	0	0.345355	0.345355	0	0.933333	0.933333	0	
3	0	3	0	10	0.733333	0.0764199	0.733333	0	0.5	2	2	2	0	2	1.33722	1.33722	0	0.477271	0.477271	0	1	1	0	
3	0	3	0	10	0.733333	0.0764199	0.733333	0	0.466667	4	4	4	0	4	1.2293	1.2293	0	1.81329	1.81329	0	1.86667	1.86667	0	
4	0	4	0	10	0.777778	0.0906765	0.777778	0	0.4	3	3	3	0	3	0.473434	0.473434	0	-0.496767	-0.496767	0	1.2	1.2	0	
1	0	1	0	10	0	0	0	0	0	0	0	0	0	0	0	0	0	0	0	0	0	0	0	
1	0	1	0	10	0	0	0	0	0	0	0	0	0	0	0	0	0	0	0	0	0	0	0	
3	0	3	0	10	0.622222	0.138307	0.622222	0	0.355556	4	4	4	0	4	0.0224807	0.0224807	0	1.19353	1.19353	0	1.42222	1.42222	0	
3	0	3	0	10	0.711111	0.0859974	0.711111	0	0.533333	2	2	2	0	2	1.64145	1.64145	0	0.602811	0.602811	0	1.06667	1.06667	0	
3	0	3	0	10	0.6	0.130537	0.6	0	0.433333	4	4	4	0	4	0.867251	0.867251	0	1.63731	1.63731	0	1.73333	1.73333	0	
3	0	3	0	10	0.511111	0.164303	0.511111	0	0.42963	3	3	3	0	3	0.775012	0.775012	0	0.984981	0.984981	0	1.28889	1.28889	0	
2	0	2	0	10	0.555556	0.0745356	0.555556	0	0.555556	3	3	3	0	3	2.05672	2.05672	0	3.45142	3.45142	0	1.66667	1.66667	0	
3	0	3	0	10	0.644444	0.101237	0.644444	0	0.437037	3	3	3	0	3	0.850406	0.850406	0	1.02067	1.02067	0	1.31111	1.31111	0	
2	0	2	0	10	0.533333	0.0946573	0.533333	0	0.533333	1	1	1	0	1	1.30268	1.30268	0	1.02917	1.02917	0	0.533333	0.533333	0	
3	0	3	0	10	0.644444	0.101237	0.644444	0	0.544444	2	2	2	0	2	1.74286	1.74286	0	0.643393	0.643393	0	1.08889	1.08889	0	
3	0	3	0	10	0.6	0.130537	0.6	0	0.411111	6	6	6	0	6	0.674414	0.674414	0	2.53215	2.53215	0	2.46667	2.46667	0	
2	0	2	0	10	0.466667	0.131757	0.466667	0	0.466667	2	2	2	0	2	1.03299	1.03299	0	2.05186	2.05186	0	0.933333	0.933333	0	
3	0	3	0	10	0.644444	0.101237	0.644444	0	0.311111	3	3	3	0	3	-0.4313	-0.4313	0	0.345355	0.345355	0	0.933333	0.933333	0	
3	0	3	0	10	0.511111	0.164303	0.511111	0	0.411111	2	2	2	0	2	0.525941	0.525941	0	0.108362	0.108362	0	0.822222	0.822222	0	
2	0	2	0	10	0.533333	0.0946573	0.533333	0	0.533333	1	1	1	0	1	1.30268	1.30268	0	1.02917	1.02917	0	0.533333	0.533333	0	
3	0	3	0	10	0.511111	0.164303	0.511111	0	0.277778	2	2	2	0	2	-0.69098	-0.69098	0	-0.593814	-0.593814	0	0.555556	0.555556	0	
4	0	4	0	10	0.533333	0.180074	0.533333	0	0.2	4	4	4	0	4	-1.66706	-1.66706	0	-1.34464	-1.34464	0	0.8	0.8	0	
3	0	3	0	10	0.644444	0.101237	0.644444	0	0.437037	3	3	3	0	3	0.850406	0.850406	0	1.02067	1.02067	0	1.31111	1.31111	0	
3	0	3	0	10	0.511111	0.164303	0.511111	0	0.277778	2	2	2	0	2	-0.69098	-0.69098	0	-0.593814	-0.593814	0	0.555556	0.555556	0	
4	0	4	0	10	0.533333	0.180074	0.533333	0	0.308889	10	10	10	0	10	-0.559207	-0.559207	0	1.62246	1.62246	0	3.08889	3.08889	0	
3	0	3	0	10	0.644444	0.101237	0.644444	0	0.544444	2	2	2	0	2	1.74286	1.74286	0	0.643393	0.643393	0	1.08889	1.08889	0	
3	0	3	0	10	0.511111	0.164303	0.511111	0	0.344444	4	4	4	0	4	-0.0982008	-0.0982008	0	1.12546	1.12546	0	1.37778	1.37778	0	
3	0	3	0	10	0.688889	0.103837	0.688889	0	0.511111	2	2	2	0	2	1.43863	1.43863	0	0.519781	0.519781	0	1.02222	1.02222	0	
2	0	2	0	10	0.533333	0.0946573	0.533333	0	0.533333	1	1	1	0	1	1.30268	1.30268	0	1.02917	1.02917	0	0.533333	0.533333	0	
1	0	1	0	10	0	0	0	0	0	0	0	0	0	0	0	0	0	0	0	0	0	0	0	
3	0	3	0	10	0.511111	0.164303	0.511111	0	0.438889	4	4	4	0	4	0.927592	0.927592	0	1.66715	1.66715	0	1.75556	1.75556	0	
2	0	2	0	10	0.2	0.154143	0.2	0	0.2	4	4	4	0	4	-1.66706	-1.66706	0	1.74414	1.74414	0	0.8	0.8	0	
2	0	2	0	10	0.533333	0.0946573	0.533333	0	0.533333	6	6	6	0	6	2.10483	2.10483	0	5.64007	5.64007	0	3.2	3.2	0	
3	0	3	0	10	0.688889	0.103837	0.688889	0	0.455556	2	2	2	0	2	0.931582	0.931582	0	0.299793	0.299793	0	0.911111	0.911111	0	
4	0	4	0	10	0.777778	0.0906765	0.777778	0	0.444444	4	4	4	0	4	0.987933	0.987933	0	0.334025	0.334025	0	1.77778	1.77778	0	
1	0	1	0	10	0	0	0	0	0	0	0	0	0	0	0	0	0	0	0	0	0	0	0	
3	0	3	0	10	0.711111	0.0859974	0.711111	0	0.474074	3	3	3	0	3	1.22738	1.22738	0	1.19353	1.19353	0	1.42222	1.42222	0	
2	0	2	0	10	0.466667	0.131757	0.466667	0	0.466667	1	1	1	0	1	0.819796	0.819796	0	0.818008	0.818008	0	0.466667	0.466667	0	
3	0	3	0	10	0.511111	0.164303	0.511111	0	0.303704	3	3	3	0	3	-0.506695	-0.506695	0	0.299793	0.299793	0	0.911111	0.911111	0	
2	0	2	0	10	0.2	0.154143	0.2	0	0.2	2	2	2	0	2	-1.40085	-1.40085	0	0.586219	0.586219	0	0.4	0.4	0	
6	0	6	0	10	0.888889	0.0754247	0.888889	0	0.368889	5	5	5	0	5	0.174728	0.174728	0	-2.04872	-2.04872	0	1.84444	1.84444	0	
1	0	1	0	10	0	0	0	0	0	0	0	0	0	0	0	0	0	0	0	0	0	0	0	
2	0	2	0	10	0.466667	0.131757	0.466667	0	0.466667	8	8	8	0	8	1.3814	1.3814	0	6.27254	6.27254	0	3.73333	3.73333	0	
2	0	2	0	10	0.533333	0.0946573	0.533333	0	0.533333	1	1	1	0	1	1.30268	1.30268	0	1.02917	1.02917	0	0.533333	0.533333	0	
2	0	2	0	10	0.555556	0.0745356	0.555556	0	0.555556	2	2	2	0	2	1.84427	1.84427	0	2.42917	2.42917	0	1.11111	1.11111	0	
2	0	2	0	10	0.355556	0.159109	0.355556	0	0.355556	5	5	5	0	5	0.0234791	0.0234791	0	3.63567	3.63567	0	1.77778	1.77778	0	
3	0	3	0	10	0.622222	0.138307	0.622222	0	0.355556	5	5	5	0	5	0.0234791	0.0234791	0	1.69679	1.69679	0	1.77778	1.77778	0	
1	0	1	0	10	0	0	0	0	0	0	0	0	0	0	0	0	0	0	0	0	0	0	0	
5	0	5	0	10	0.822222	0.0969307	0.822222	0	0.501961	17	17	17	0	17	1.95311	1.95311	0	3.11897	3.11897	0	8.53333	8.53333	0	
3	0	3	0	10	0.377778	0.181279	0.377778	0	0.2	2	2	2	0	2	-1.40085	-1.40085	0	-1.16394	-1.16394	0	0.4	0.4	0	
3	0	3	0	10	0.377778	0.181279	0.377778	0	0.2	3	3	3	0	3	-1.56222	-1.56222	0	-0.458608	-0.458608	0	0.6	0.6	0	
1	0	1	0	10	0	0	0	0	0	0	0	0	0	0	0	0	0	0	0	0	0	0	0	
5	0	5	0	10	0.844444	0.0795543	0.844444	0	0.340741	6	6	6	0	6	-0.14916	-0.14916	0	-0.552137	-0.552137	0	2.04444	2.04444	0	
3	0	3	0	10	0.711111	0.0859974	0.711111	0	0.533333	4	4	4	0	4	1.95339	1.95339	0	2.14576	2.14576	0	2.13333	2.13333	0	
2	0	2	0	10	0.533333	0.0946573	0.533333	0	0.533333	4	4	4	0	4	1.95339	1.95339	0	4.1923	4.1923	0	2.13333	2.13333	0	
2	0	2	0	10	0.466667	0.131757	0.466667	0	0.466667	2	2	2	0	2	1.03299	1.03299	0	2.05186	2.05186	0	0.933333	0.933333	0	
1	0	1	0	10	0	0	0	0	0	0	0	0	0	0	0	0	0	0	0	0	0	0	0	
2	0	2	0	10	0.466667	0.131757	0.466667	0	0.466667	1	1	1	0	1	0.819796	0.819796	0	0.818008	0.818008	0	0.466667	0.466667	0	
1	0	1	0	10	0	0	0	0	0	0	0	0	0	0	0	0	0	0	0	0	0	0	0	
2	0	2	0	10	0.555556	0.0745356	0.555556	0	0.555556	1	1	1	0	1	1.46364	1.46364	0	1.09586	1.09586	0	0.555556	0.555556	0	
5	0	5	0	10	0.866667	0.0713676	0.866667	0	0.319192	11	11	11	0	11	-0.43442	-0.43442	0	0.690592	0.690592	0	3.51111	3.51111	0	
3	0	3	0	10	0.377778	0.181279	0.377778	0	0.2	4	4	4	0	4	-1.66706	-1.66706	0	0.0579335	0.0579335	0	0.8	0.8	0	
4	0	4	0	10	0.711111	0.117454	0.711111	0	0.36	5	5	5	0	5	0.0738955	0.0738955	0	0.360986	0.360986	0	1.8	1.8	0	
3	0	3	0	10	0.377778	0.181279	0.377778	0	0.215556	10	10	10	0	10	-1.72953	-1.72953	0	2.17244	2.17244	0	2.15556	2.15556	0	
2	0	2	0	10	0.466667	0.131757	0.466667	0	0.466667	3	3	3	0	3	1.15198	1.15198	0	2.98462	2.98462	0	1.4	1.4	0	
2	0	2	0	10	0.2	0.154143	0.2	0	0.2	1	1	1	0	1	-1.11173	-1.11173	0	-0.339314	-0.339314	0	0.2	0.2	0	
4	0	4	0	10	0.733333	0.119889	0.733333	0	0.407407	3	3	3	0	3	0.548828	0.548828	0	-0.458546	-0.458546	0	1.22222	1.22222	0	
4	0	4	0	10	0.8	0.0888444	0.8	0	0.474074	6	6	6	0	6	1.4113	1.4113	0	1.4153	1.4153	0	2.84444	2.84444	0	
4	0	4	0	10	0.8	0.0758947	0.8	0	0.455556	12	12	12	0	12	1.30421	1.30421	0	3.27717	3.27717	0	5.46667	5.46667	0	
2	0	2	0	10	0.355556	0.159109	0.355556	0	0.355556	1	1	1	0	1	0.014992	0.014992	0	0.4167	0.4167	0	0.355556	0.355556	0	
2	0	2	0	10	0.533333	0.0946573	0.533333	0	0.533333	2	2	2	0	2	1.64145	1.64145	0	2.33782	2.33782	0	1.06667	1.06667	0	
2	0	2	0	10	0.466667	0.131757	0.466667	0	0.466667	1	1	1	0	1	0.819796	0.819796	0	0.818008	0.818008	0	0.466667	0.466667	0	
4	0	4	0	10	0.711111	0.117454	0.711111	0	0.404444	5	5	5	0	5	0.57806	0.57806	0	0.616994	0.616994	0	2.02222	2.02222	0	
3	0	3	0	10	0.644444	0.101237	0.644444	0	0.437037	6	6	6	0	6	0.977836	0.977836	0	2.70342	2.70342	0	2.62222	2.62222	0	
3	0	3	0	10	0.377778	0.181279	0.377778	0	0.277778	2	2	2	0	2	-0.69098	-0.69098	0	-0.593814	-0.593814	0	0.555556	0.555556	0	
2	0	2	0	10	0.355556	0.159109	0.355556	0	0.355556	2	2	2	0	2	0.0188908	0.0188908	0	1.52347	1.52347	0	0.711111	0.711111	0	
2	0	2	0	10	0.555556	0.0745356	0.555556	0	0.555556	3	3	3	0	3	2.05672	2.05672	0	3.45142	3.45142	0	1.66667	1.66667	0	
2	0	2	0	10	0.355556	0.159109	0.355556	0	0.355556	2	2	2	0	2	0.0188908	0.0188908	0	1.52347	1.52347	0	0.711111	0.711111	0	
4	0	4	0	10	0.777778	0.0906765	0.777778	0	0.459259	6	6	6	0	6	1.23791	1.23791	0	1.33722	1.33722	0	2.75556	2.75556	0	
3	0	3	0	10	0.6	0.130537	0.6	0	0.311111	3	3	3	0	3	-0.4313	-0.4313	0	0.345355	0.345355	0	0.933333	0.933333	0	
4	0	4	0	10	0.733333	0.119889	0.733333	0	0.316667	4	4	4	0	4	-0.399905	-0.399905	0	-0.384079	-0.384079	0	1.26667	1.26667	0	
3	0	3	0	10	0.622222	0.138307	0.622222	0	0.355556	5	5	5	0	5	0.0234791	0.0234791	0	1.69679	1.69679	0	1.77778	1.77778	0	
3	0	3	0	10	0.644444	0.101237	0.644444	0	0.422222	14	14	14	0	14	0.890588	0.890588	0	5.562	5.562	0	5.91111	5.91111	0	
1	0	1	0	10	0	0	0	0	0	0	0	0	0	0	0	0	0	0	0	0	0	0	0	
2	0	2	0	10	0.466667	0.131757	0.466667	0	0.466667	2	2	2	0	2	1.03299	1.03299	0	2.05186	2.05186	0	0.933333	0.933333	0	
3	0	3	0	10	0.622222	0.138307	0.622222	0	0.355556	6	6	6	0	6	0.0242237	0.0242237	0	2.14576	2.14576	0	2.13333	2.13333	0	
3	0	3	0	10	0.622222	0.138307	0.622222	0	0.355556	2	2	2	0	2	0.0188908	0.0188908	0	-0.156119	-0.156119	0	0.711111	0.711111	0	
4	0	4	0	10	0.711111	0.117454	0.711111	0	0.314286	7	7	7	0	7	-0.46971	-0.46971	0	0.806707	0.806707	0	2.2	2.2	0	
3	0	3	0	10	0.644444	0.101237	0.644444	0	0.288889	4	4	4	0	4	-0.701608	-0.701608	0	0.761719	0.761719	0	1.15556	1.15556	0	
4	0	4	0	10	0.644444	0.151819	0.644444	0	0.361111	4	4	4	0	4	0.0828215	0.0828215	0	-0.108954	-0.108954	0	1.44444	1.44444	0	
3	0	3	0	10	0.644444	0.101237	0.644444	0	0.271111	5	5	5	0	5	-0.934433	-0.934433	0	1.0909	1.0909	0	1.35556	1.35556	0	
3	0	3	0	10	0.711111	0.0859974	0.711111	0	0.497778	5	5	5	0	5	1.6368	1.6368	0	2.55694	2.55694	0	2.48889	2.48889	0	
1	0	1	0	10	0	0	0	0	0	0	0	0	0	0	0	0	0	0	0	0	0	0	0	
5	0	5	0	10	0.822222	0.0969307	0.822222	0	0.361111	4	4	4	0	4	0.0828215	0.0828215	0	-1.35585	-1.35585	0	1.44444	1.44444	0	
3	0	3	0	10	0.622222	0.138307	0.622222	0	0.355556	2	2	2	0	2	0.0188908	0.0188908	0	-0.156119	-0.156119	0	0.711111	0.711111	0	
3	0	3	0	10	0.6	0.130537	0.6	0	0.326667	10	10	10	0	10	-0.336289	-0.336289	0	3.36482	3.36482	0	3.26667	3.26667	0	
2	0	2	0	10	0.355556	0.159109	0.355556	0	0.355556	1	1	1	0	1	0.014992	0.014992	0	0.4167	0.4167	0	0.355556	0.355556	0	
1	0	1	0	10	0	0	0	0	0	0	0	0	0	0	0	0	0	0	0	0	0	0	0	
3	0	3	0	10	0.6	0.130537	0.6	0	0.422222	3	3	3	0	3	0.699617	0.699617	0	0.948883	0.948883	0	1.26667	1.26667	0	
3	0	3	0	10	0.6	0.130537	0.6	0	0.311111	3	3	3	0	3	-0.4313	-0.4313	0	0.345355	0.345355	0	0.933333	0.933333	0	
6	0	6	0	10	0.888889	0.0754247	0.888889	0	0.307937	7	7	7	0	7	-0.545789	-0.545789	0	-1.63705	-1.63705	0	2.15556	2.15556	0	
2	0	2	0	10	0.2	0.154143	0.2	0	0.2	1	1	1	0	1	-1.11173	-1.11173	0	-0.339314	-0.339314	0	0.2	0.2	0	
2	0	2	0	10	0.2	0.154143	0.2	0	0.2	1	1	1	0	1	-1.11173	-1.11173	0	-0.339314	-0.339314	0	0.2	0.2	0	
2	0	2	0	10	0.533333	0.0946573	0.533333	0	0.533333	1	1	1	0	1	1.30268	1.30268	0	1.02917	1.02917	0	0.533333	0.533333	0	
3	0	3	0	10	0.6	0.130537	0.6	0	0.366667	2	2	2	0	2	0.120301	0.120301	0	-0.100592	-0.100592	0	0.733333	0.733333	0	
4	0	4	0	10	0.777778	0.0906765	0.777778	0	0.426667	5	5	5	0	5	0.830142	0.830142	0	0.736945	0.736945	0	2.13333	2.13333	0	
2	0	2	0	10	0.466667	0.131757	0.466667	0	0.466667	1	1	1	0	1	0.819796	0.819796	0	0.818008	0.818008	0	0.466667	0.466667	0	
3	0	3	0	10	0.644444	0.101237	0.644444	0	0.337778	5	5	5	0	5	-0.178187	-0.178187	0	1.57696	1.57696	0	1.68889	1.68889	0	
3	0	3	0	10	0.511111	0.164303	0.511111	0	0.277778	2	2	2	0	2	-0.69098	-0.69098	0	-0.593814	-0.593814	0	0.555556	0.555556	0	
3	0	3	0	10	0.644444	0.101237	0.644444	0	0.437037	3	3	3	0	3	0.850406	0.850406	0	1.02067	1.02067	0	1.31111	1.31111	0	
3	0	3	0	10	0.688889	0.103837	0.688889	0	0.405556	4	4	4	0	4	0.565548	0.565548	0	1.48469	1.48469	0	1.62222	1.62222	0	
3	0	3	0	10	0.511111	0.164303	0.511111	0	0.251852	3	3	3	0	3	-1.03446	-1.03446	0	-0.0464656	-0.0464656	0	0.755556	0.755556	0	
3	0	3	0	10	0.511111	0.164303	0.511111	0	0.377778	5	5	5	0	5	0.275561	0.275561	0	1.84194	1.84194	0	1.88889	1.88889	0	
5	0	5	0	10	0.844444	0.0795543	0.844444	0	0.460317	7	7	7	0	7	1.2801	1.2801	0	0.488475	0.488475	0	3.22222	3.22222	0	
5	0	5	0	10	0.844444	0.0795543	0.844444	0	0.363889	8	8	8	0	8	0.126972	0.126972	0	0.253066	0.253066	0	2.91111	2.91111	0	
4	0	4	0	10	0.733333	0.119889	0.733333	0	0.394444	4	4	4	0	4	0.444866	0.444866	0	0.0778615	0.0778615	0	1.57778	1.57778	0	
4	0	4	0	10	0.644444	0.151819	0.644444	0	0.377778	8	8	8	0	8	0.296489	0.296489	0	1.567	1.567	0	3.02222	3.02222	0	
4	0	4	0	10	0.644444	0.151819	0.644444	0	0.466667	6	6	6	0	6	1.3246	1.3246	0	1.37646	1.37646	0	2.8	2.8	0	
2	0	2	0	10	0.355556	0.159109	0.355556	0	0.355556	2	2	2	0	2	0.0188908	0.0188908	0	1.52347	1.52347	0	0.711111	0.711111	0	
1	0	1	0	10	0	0	0	0	0	0	0	0	0	0	0	0	0	0	0	0	0	0	0	
3	0	3	0	10	0.511111	0.164303	0.511111	0	0.4	5	5	5	0	5	0.527643	0.527643	0	1.98249	1.98249	0	2	2	0	
2	0	2	0	10	0.533333	0.0946573	0.533333	0	0.533333	7	7	7	0	7	2.155	2.155	0	6.27254	6.27254	0	3.73333	3.73333	0	
4	0	4	0	10	0.733333	0.100532	0.733333	0	0.4	7	7	7	0	7	0.557352	0.557352	0	1.37646	1.37646	0	2.8	2.8	0	
2	0	2	0	10	0.466667	0.131757	0.466667	0	0.466667	1	1	1	0	1	0.819796	0.819796	0	0.818008	0.818008	0	0.466667	0.466667	0	
3	0	3	0	10	0.688889	0.103837	0.688889	0	0.50101	11	11	11	0	11	1.86877	1.86877	0	5.26871	5.26871	0	5.51111	5.51111	0	
3	0	3	0	10	0.644444	0.101237	0.644444	0	0.366667	2	2	2	0	2	0.120301	0.120301	0	-0.100592	-0.100592	0	0.733333	0.733333	0	
3	0	3	0	10	0.644444	0.101237	0.644444	0	0.45	4	4	4	0	4	1.04827	1.04827	0	1.72621	1.72621	0	1.8	1.8	0	
2	0	2	0	10	0.355556	0.159109	0.355556	0	0.355556	2	2	2	0	2	0.0188908	0.0188908	0	1.52347	1.52347	0	0.711111	0.711111	0	
5	0	5	0	10	0.755556	0.129546	0.755556	0	0.341414	11	11	11	0	11	-0.152918	-0.152918	0	0.851486	0.851486	0	3.75556	3.75556	0	
3	0	3	0	10	0.688889	0.103837	0.688889	0	0.511111	2	2	2	0	2	1.43863	1.43863	0	0.519781	0.519781	0	1.02222	1.02222	0	
5	0	5	0	10	0.822222	0.0969307	0.822222	0	0.361111	4	4	4	0	4	0.0828215	0.0828215	0	-1.35585	-1.35585	0	1.44444	1.44444	0	
2	0	2	0	10	0.2	0.154143	0.2	0	0.2	4	4	4	0	4	-1.66706	-1.66706	0	1.74414	1.74414	0	0.8	0.8	0	
2	0	2	0	10	0.2	0.154143	0.2	0	0.2	1	1	1	0	1	-1.11173	-1.11173	0	-0.339314	-0.339314	0	0.2	0.2	0	
4	0	4	0	10	0.711111	0.117454	0.711111	0	0.433333	6	6	6	0	6	0.93449	0.93449	0	1.19657	1.19657	0	2.6	2.6	0	
4	0	4	0	10	0.733333	0.100532	0.733333	0	0.372222	4	4	4	0	4	0.203503	0.203503	0	-0.0450416	-0.0450416	0	1.48889	1.48889	0	
2	0	2	0	10	0.355556	0.159109	0.355556	0	0.355556	1	1	1	0	1	0.014992	0.014992	0	0.4167	0.4167	0	0.355556	0.355556	0	
3	0	3	0	10	0.688889	0.103837	0.688889	0	0.458333	8	8	8	0	8	1.27969	1.27969	0	3.7436	3.7436	0	3.66667	3.66667	0	
5	0	5	0	10	0.822222	0.0969307	0.822222	0	0.373333	5	5	5	0	5	0.225145	0.225145	0	-0.759769	-0.759769	0	1.86667	1.86667	0	
3	0	3	0	10	0.622222	0.138307	0.622222	0	0.355556	2	2	2	0	2	0.0188908	0.0188908	0	-0.156119	-0.156119	0	0.711111	0.711111	0	
3	0	3	0	10	0.688889	0.103837	0.688889	0	0.455556	10	10	10	0	10	1.27987	1.27987	0	4.51821	4.51821	0	4.55556	4.55556	0	
3	0	3	0	10	0.733333	0.0764199	0.733333	0	0.493333	5	5	5	0	5	1.58639	1.58639	0	2.53215	2.53215	0	2.46667	2.46667	0	
2	0	2	0	10	0.555556	0.0745356	0.555556	0	0.555556	1	1	1	0	1	1.46364	1.46364	0	1.09586	1.09586	0	0.555556	0.555556	0	
1	0	1	0	10	0	0	0	0	0	0	0	0	0	0	0	0	0	0	0	0	0	0	0	
4	0	4	0	10	0.777778	0.0906765	0.777778	0	0.252778	8	8	8	0	8	-1.22916	-1.22916	0	0.616994	0.616994	0	2.02222	2.02222	0	
4	0	4	0	10	0.733333	0.100532	0.733333	0	0.318519	3	3	3	0	3	-0.355906	-0.355906	0	-0.971216	-0.971216	0	0.955556	0.955556	0	
2	0	2	0	10	0.466667	0.131757	0.466667	0	0.466667	1	1	1	0	1	0.819796	0.819796	0	0.818008	0.818008	0	0.466667	0.466667	0	
1	0	1	0	10	0	0	0	0	0	0	0	0	0	0	0	0	0	0	0	0	0	0	0	
2	0	2	0	10	0.2	0.154143	0.2	0	0.2	3	3	3	0	3	-1.56222	-1.56222	0	1.22453	1.22453	0	0.6	0.6	0	
2	0	2	0	10	0.533333	0.0946573	0.533333	0	0.533333	1	1	1	0	1	1.30268	1.30268	0	1.02917	1.02917	0	0.533333	0.533333	0	
4	0	4	0	10	0.711111	0.117454	0.711111	0	0.431746	7	7	7	0	7	0.937745	0.937745	0	1.567	1.567	0	3.02222	3.02222	0	
4	0	4	0	10	0.777778	0.0906765	0.777778	0	0.451852	3	3	3	0	3	1.0012	1.0012	0	-0.242321	-0.242321	0	1.35556	1.35556	0	
4	0	4	0	10	0.8	0.0888444	0.8	0	0.488889	4	4	4	0	4	1.47066	1.47066	0	0.542604	0.542604	0	1.95556	1.95556	0	
3	0	3	0	10	0.377778	0.181279	0.377778	0	0.277778	2	2	2	0	2	-0.69098	-0.69098	0	-0.593814	-0.593814	0	0.555556	0.555556	0	
4	0	4	0	10	0.733333	0.100532	0.733333	0	0.326667	10	10	10	0	10	-0.336289	-0.336289	0	1.76693	1.76693	0	3.26667	3.26667	0	
3	0	3	0	10	0.511111	0.164303	0.511111	0	0.32963	6	6	6	0	6	-0.279198	-0.279198	0	1.95473	1.95473	0	1.97778	1.97778	0	
2	0	2	0	10	0.355556	0.159109	0.355556	0	0.355556	2	2	2	0	2	0.0188908	0.0188908	0	1.52347	1.52347	0	0.711111	0.711111	0	
5	0	5	0	10	0.844444	0.0795543	0.844444	0	0.387654	9	9	9	0	9	0.423259	0.423259	0	0.675532	0.675532	0	3.48889	3.48889	0	
2	0	2	0	10	0.466667	0.131757	0.466667	0	0.466667	2	2	2	0	2	1.03299	1.03299	0	2.05186	2.05186	0	0.933333	0.933333	0	
3	0	3	0	10	0.644444	0.101237	0.644444	0	0.437037	3	3	3	0	3	0.850406	0.850406	0	1.02067	1.02067	0	1.31111	1.31111	0	
5	0	5	0	10	0.8	0.100133	0.8	0	0.424691	9	9	9	0	9	0.882052	0.882052	0	0.893957	0.893957	0	3.82222	3.82222	0	
3	0	3	0	10	0.733333	0.0764199	0.733333	0	0.511111	6	6	6	0	6	1.84476	1.84476	0	3.16697	3.16697	0	3.06667	3.06667	0	
4	0	4	0	10	0.822222	0.0716163	0.822222	0	0.404938	9	9	9	0	9	0.637363	0.637363	0	2.05934	2.05934	0	3.64444	3.64444	0	
1	0	1	0	10	0	0	0	0	0	0	0	0	0	0	0	0	0	0	0	0	0	0	0	
4	0	4	0	10	0.733333	0.100532	0.733333	0	0.311111	3	3	3	0	3	-0.4313	-0.4313	0	-1.02041	-1.02041	0	0.933333	0.933333	0	
3	0	3	0	10	0.511111	0.164303	0.511111	0	0.27037	6	6	6	0	6	-0.972735	-0.972735	0	1.48469	1.48469	0	1.62222	1.62222	0	
3	0	3	0	10	0.377778	0.181279	0.377778	0	0.324444	5	5	5	0	5	-0.329436	-0.329436	0	1.48469	1.48469	0	1.62222	1.62222	0	
3	0	3	0	10	0.644444	0.101237	0.644444	0	0.504762	7	7	7	0	7	1.81265	1.81265	0	3.61969	3.61969	0	3.53333	3.53333	0	
6	0	6	0	10	0.888889	0.0754247	0.888889	0	0.345679	9	9	9	0	9	-0.0967053	-0.0967053	0	-0.728588	-0.728588	0	3.11111	3.11111	0	
4	0	4	0	10	0.733333	0.119889	0.733333	0	0.333333	7	7	7	0	7	-0.241474	-0.241474	0	0.941774	0.941774	0	2.33333	2.33333	0	
3	0	3	0	10	0.511111	0.164303	0.511111	0	0.251852	3	3	3	0	3	-1.03446	-1.03446	0	-0.0464656	-0.0464656	0	0.755556	0.755556	0	
4	0	4	0	10	0.777778	0.0906765	0.777778	0	0.346667	5	5	5	0	5	-0.0773538	-0.0773538	0	0.279264	0.279264	0	1.73333	1.73333	0	
4	0	4	0	10	0.777778	0.0906765	0.777778	0	0.372222	4	4	4	0	4	0.203503	0.203503	0	-0.0450416	-0.0450416	0	1.48889	1.48889	0	
3	0	3	0	10	0.622222	0.138307	0.622222	0	0.355556	2	2	2	0	2	0.0188908	0.0188908	0	-0.156119	-0.156119	0	0.711111	0.711111	0	
4	0	4	0	10	0.644444	0.151819	0.644444	0	0.277778	4	4	4	0	4	-0.82229	-0.82229	0	-0.65694	-0.65694	0	1.11111	1.11111	0	
4	0	4	0	10	0.644444	0.151819	0.644444	0	0.361111	4	4	4	0	4	0.0828215	0.0828215	0	-0.108954	-0.108954	0	1.44444	1.44444	0	
2	0	2	0	10	0.2	0.154143	0.2	0	0.2	2	2	2	0	2	-1.40085	-1.40085	0	0.586219	0.586219	0	0.4	0.4	0	
5	0	5	0	10	0.8	0.100133	0.8	0	0.419444	16	16	16	0	16	0.863782	0.863782	0	2.38158	2.38158	0	6.71111	6.71111	0	
4	0	4	0	10	0.733333	0.100532	0.733333	0	0.311111	3	3	3	0	3	-0.4313	-0.4313	0	-1.02041	-1.02041	0	0.933333	0.933333	0	
4	0	4	0	10	0.711111	0.117454	0.711111	0	0.360494	9	9	9	0	9	0.0868117	0.0868117	0	1.74914	1.74914	0	3.24444	3.24444	0	
3	0	3	0	10	0.6	0.130537	0.6	0	0.366667	4	4	4	0	4	0.143162	0.143162	0	1.26028	1.26028	0	1.46667	1.46667	0	
4	0	4	0	10	0.533333	0.180074	0.533333	0	0.340741	3	3	3	0	3	-0.129722	-0.129722	0	-0.83052	-0.83052	0	1.02222	1.02222	0	
2	0	2	0	10	0.466667	0.131757	0.466667	0	0.466667	1	1	1	0	1	0.819796	0.819796	0	0.818008	0.818008	0	0.466667	0.466667	0	
5	0	5	0	10	0.844444	0.0795543	0.844444	0	0.285185	6	6	6	0	6	-0.799351	-0.799351	0	-0.959855	-0.959855	0	1.71111	1.71111	0	
4	0	4	0	10	0.644444	0.151819	0.644444	0	0.311111	7	7	7	0	7	-0.50775	-0.50775	0	0.783627	0.783627	0	2.17778	2.17778	0	
4	0	4	0	10	0.644444	0.151819	0.644444	0	0.322222	4	4	4	0	4	-0.339564	-0.339564	0	-0.347779	-0.347779	0	1.28889	1.28889	0	
3	0	3	0	10	0.377778	0.181279	0.377778	0	0.231111	5	5	5	0	5	-1.38818	-1.38818	0	0.761719	0.761719	0	1.15556	1.15556	0	
4	0	4	0	10	0.777778	0.0906765	0.777778	0	0.340741	3	3	3	0	3	-0.129722	-0.129722	0	-0.83052	-0.83052	0	1.02222	1.02222	0	
4	0	4	0	10	0.644444	0.151819	0.644444	0	0.322222	4	4	4	0	4	-0.339564	-0.339564	0	-0.347779	-0.347779	0	1.28889	1.28889	0	
2	0	2	0	10	0.555556	0.0745356	0.555556	0	0.555556	5	5	5	0	5	2.29222	2.29222	0	5.10018	5.10018	0	2.77778	2.77778	0	
6	0	6	0	10	0.911111	0.0620394	0.911111	0	0.408333	8	8	8	0	8	0.669427	0.669427	0	-0.612316	-0.612316	0	3.26667	3.26667	0	
4	0	4	0	10	0.777778	0.0906765	0.777778	0	0.519192	11	11	11	0	11	2.09909	2.09909	0	3.42286	3.42286	0	5.71111	5.71111	0	
4	0	4	0	10	0.533333	0.180074	0.533333	0	0.2	5	5	5	0	5	-1.7411	-1.7411	0	-0.876332	-0.876332	0	1	1	0	
4	0	4	0	10	0.733333	0.119889	0.733333	0	0.451111	10	10	10	0	10	1.22414	1.22414	0	2.6716	2.6716	0	4.51111	4.51111	0	
2	0	2	0	10	0.555556	0.0745356	0.555556	0	0.555556	1	1	1	0	1	1.46364	1.46364	0	1.09586	1.09586	0	0.555556	0.555556	0	
4	0	4	0	10	0.711111	0.117454	0.711111	0	0.425926	6	6	6	0	6	0.847798	0.847798	0	1.15537	1.15537	0	2.55556	2.55556	0	
5	0	5	0	10	0.755556	0.129546	0.755556	0	0.253333	5	5	5	0	5	-1.1361	-1.1361	0	-1.67067	-1.67067	0	1.26667	1.26667	0	
2	0	2	0	10	0.555556	0.0745356	0.555556	0	0.555556	3	3	3	0	3	2.05672	2.05672	0	3.45142	3.45142	0	1.66667	1.66667	0	
3	0	3	0	10	0.711111	0.0859974	0.711111	0	0.507937	7	7	7	0	7	1.85069	1.85069	0	3.64049	3.64049	0	3.55556	3.55556	0	
4	0	4	0	10	0.711111	0.117454	0.711111	0	0.405556	8	8	8	0	8	0.635523	0.635523	0	1.74914	1.74914	0	3.24444	3.24444	0	
3	0	3	0	10	0.688889	0.103837	0.688889	0	0.422222	3	3	3	0	3	0.699617	0.699617	0	0.948883	0.948883	0	1.26667	1.26667	0	
1	0	1	0	10	0	0	0	0	0	0	0	0	0	0	0	0	0	0	0	0	0	0	0	
3	0	3	0	10	0.688889	0.103837	0.688889	0	0.411111	2	2	2	0	2	0.525941	0.525941	0	0.108362	0.108362	0	0.822222	0.822222	0	
4	0	4	0	10	0.822222	0.0716163	0.822222	0	0.435556	5	5	5	0	5	0.930975	0.930975	0	0.783627	0.783627	0	2.17778	2.17778	0	
2	0	2	0	10	0.2	0.154143	0.2	0	0.2	1	1	1	0	1	-1.11173	-1.11173	0	-0.339314	-0.339314	0	0.2	0.2	0	
1	0	1	0	10	0	0	0	0	0	0	0	0	0	0	0	0	0	0	0	0	0	0	0	
1	0	1	0	10	0	0	0	0	0	0	0	0	0	0	0	0	0	0	0	0	0	0	0	
2	0	2	0	10	0.2	0.154143	0.2	0	0.2	1	1	1	0	1	-1.11173	-1.11173	0	-0.339314	-0.339314	0	0.2	0.2	0	
4	0	4	0	10	0.644444	0.151819	0.644444	0	0.266667	4	4	4	0	4	-0.942971	-0.942971	0	-0.741892	-0.741892	0	1.06667	1.06667	0	
2	0	2	0	10	0.555556	0.0745356	0.555556	0	0.555556	2	2	2	0	2	1.84427	1.84427	0	2.42917	2.42917	0	1.11111	1.11111	0	
1	0	1	0	10	0	0	0	0	0	0	0	0	0	0	0	0	0	0	0	0	0	0	0	
3	0	3	0	10	0.377778	0.181279	0.377778	0	0.2	3	3	3	0	3	-1.56222	-1.56222	0	-0.458608	-0.458608	0	0.6	0.6	0	
4	0	4	0	10	0.822222	0.0716163	0.822222	0	0.411111	6	6	6	0	6	0.674414	0.674414	0	1.07152	1.07152	0	2.46667	2.46667	0	
1	0	1	0	10	0	0	0	0	0	0	0	0	0	0	0	0	0	0	0	0	0	0	0	
4	0	4	0	10	0.822222	0.0716163	0.822222	0	0.434921	7	7	7	0	7	0.975784	0.975784	0	1.58557	1.58557	0	3.04444	3.04444	0	
1	0	1	0	10	0	0	0	0	0	0	0	0	0	0	0	0	0	0	0	0	0	0	0	
2	0	2	0	10	0.533333	0.0946573	0.533333	0	0.533333	6	6	6	0	6	2.10483	2.10483	0	5.64007	5.64007	0	3.2	3.2	0	
3	0	3	0	10	0.6	0.130537	0.6	0	0.377778	3	3	3	0	3	0.24725	0.24725	0	0.722822	0.722822	0	1.13333	1.13333	0	
2	0	2	0	10	0.2	0.154143	0.2	0	0.2	1	1	1	0	1	-1.11173	-1.11173	0	-0.339314	-0.339314	0	0.2	0.2	0	
1	0	1	0	10	0	0	0	0	0	0	0	0	0	0	0	0	0	0	0	0	0	0	0	
4	0	4	0	10	0.644444	0.151819	0.644444	0	0.366667	8	8	8	0	8	0.160876	0.160876	0	1.49186	1.49186	0	2.93333	2.93333	0	
2	0	2	0	10	0.466667	0.131757	0.466667	0	0.466667	2	2	2	0	2	1.03299	1.03299	0	2.05186	2.05186	0	0.933333	0.933333	0	
4	0	4	0	10	0.711111	0.117454	0.711111	0	0.409524	7	7	7	0	7	0.67147	0.67147	0	1.43458	1.43458	0	2.86667	2.86667	0	
5	0	5	0	10	0.866667	0.0713676	0.866667	0	0.408889	5	5	5	0	5	0.628476	0.628476	0	-0.552137	-0.552137	0	2.04444	2.04444	0	
2	0	2	0	10	0.2	0.154143	0.2	0	0.2	2	2	2	0	2	-1.40085	-1.40085	0	0.586219	0.586219	0	0.4	0.4	0	
2	0	2	0	10	0.2	0.154143	0.2	0	0.2	1	1	1	0	1	-1.11173	-1.11173	0	-0.339314	-0.339314	0	0.2	0.2	0	
5	0	5	0	10	0.822222	0.0969307	0.822222	0	0.480556	8	8	8	0	8	1.55091	1.55091	0	0.907989	0.907989	0	3.84444	3.84444	0	
1	0	1	0	10	0	0	0	0	0	0	0	0	0	0	0	0	0	0	0	0	0	0	0	
3	0	3	0	10	0.644444	0.101237	0.644444	0	0.318519	3	3	3	0	3	-0.355906	-0.355906	0	0.390095	0.390095	0	0.955556	0.955556	0	
3	0	3	0	10	0.377778	0.181279	0.377778	0	0.2	2	2	2	0	2	-1.40085	-1.40085	0	-1.16394	-1.16394	0	0.4	0.4	0	
3	0	3	0	10	0.688889	0.103837	0.688889	0	0.411111	2	2	2	0	2	0.525941	0.525941	0	0.108362	0.108362	0	0.822222	0.822222	0	
4	0	4	0	10	0.733333	0.119889	0.733333	0	0.411111	4	4	4	0	4	0.625888	0.625888	0	0.16615	0.16615	0	1.64444	1.64444	0	
4	0	4	0	10	0.711111	0.117454	0.711111	0	0.266667	8	8	8	0	8	-1.05965	-1.05965	0	0.736945	0.736945	0	2.13333	2.13333	0	
3	0	3	0	10	0.644444	0.101237	0.644444	0	0.366667	2	2	2	0	2	0.120301	0.120301	0	-0.100592	-0.100592	0	0.733333	0.733333	0	
4	0	4	0	10	0.733333	0.119889	0.733333	0	0.45	4	4	4	0	4	1.04827	1.04827	0	0.360986	0.360986	0	1.8	1.8	0	
1	0	1	0	10	0	0	0	0	0	0	0	0	0	0	0	0	0	0	0	0	0	0	0	
1	0	1	0	10	0	0	0	0	0	0	0	0	0	0	0	0	0	0	0	0	0	0	0	
4	0	4	0	10	0.822222	0.0716163	0.822222	0	0.52	5	5	5	0	5	1.88889	1.88889	0	1.19657	1.19657	0	2.6	2.6	0	
3	0	3	0	10	0.644444	0.101237	0.644444	0	0.377778	2	2	2	0	2	0.221711	0.221711	0	-0.0464656	-0.0464656	0	0.755556	0.755556	0	
2	0	2	0	10	0.533333	0.0946573	0.533333	0	0.533333	2	2	2	0	2	1.64145	1.64145	0	2.33782	2.33782	0	1.06667	1.06667	0	
5	0	5	0	10	0.822222	0.0969307	0.822222	0	0.362963	6	6	6	0	6	0.110916	0.110916	0	-0.408508	-0.408508	0	2.17778	2.17778	0	
3	0	3	0	10	0.511111	0.164303	0.511111	0	0.411111	2	2	2	0	2	0.525941	0.525941	0	0.108362	0.108362	0	0.822222	0.822222	0	
4	0	4	0	10	0.777778	0.0906765	0.777778	0	0.477778	6	6	6	0	6	1.45464	1.45464	0	1.43458	1.43458	0	2.86667	2.86667	0	
2	0	2	0	10	0.533333	0.0946573	0.533333	0	0.533333	1	1	1	0	1	1.30268	1.30268	0	1.02917	1.02917	0	0.533333	0.533333	0	
5	0	5	0	10	0.844444	0.0795543	0.844444	0	0.393939	11	11	11	0	11	0.512449	0.512449	0	1.20251	1.20251	0	4.33333	4.33333	0	
2	0	2	0	10	0.533333	0.0946573	0.533333	0	0.533333	2	2	2	0	2	1.64145	1.64145	0	2.33782	2.33782	0	1.06667	1.06667	0	
2	0	2	0	10	0.355556	0.159109	0.355556	0	0.355556	1	1	1	0	1	0.014992	0.014992	0	0.4167	0.4167	0	0.355556	0.355556	0	
4	0	4	0	10	0.8	0.0888444	0.8	0	0.462222	5	5	5	0	5	1.23347	1.23347	0	0.919651	0.919651	0	2.31111	2.31111	0	
